1.000000000000000000e+00,8.066030199352874908e-01,3.506071260740298290e-02,-1.173144351211741487e-01,4.336132889420166864e-02,-1.975763645374127575e-01,-3.223321839263797867e-02,-7.480964924877755995e-02,2.315605705478228360e-01,4.076726232331915473e-02,3.558253336024966990e-02,-1.444319778353077288e-01,-1.362392194228483067e-01,2.335042117042190335e-01,2.355917517437107825e-02,4.606522148667384353e-02,-3.328449594446677290e-02,-1.298909592188216520e-02,1.373262783268561493e-01,-1.855982771842856482e-01,-1.260693166521829334e-01,-2.346178323817851852e-01,-3.872227269330899557e-02,1.104568690552805987e-01,-2.335992260494160373e-03,3.491802148808059725e-01,2.790844037315999837e-01,-3.309248888935012456e-02,-1.433619412199702015e-01,1.788580587290120316e-01,-2.948554318575572972e-03,-1.649990048681870825e-01,-1.600816513205855218e-01,5.058681125336306206e-02,2.048486982940155021e-03,4.424686789737204418e-01,1.802257590516369024e-01,4.080534471838266619e-02,-3.343285388380959344e-02
8.066030199352874908e-01,1.000000000000000000e+00,-5.613618282733298659e-02,-1.924652402004439766e-02,1.486055294254316206e-01,-1.524360123433648739e-01,2.162829656024737451e-02,-2.649408560998704754e-02,2.510358108494110119e-01,4.865923673939034910e-02,-3.696757191414438287e-02,-6.933074857383525469e-02,-1.018410028243098148e-01,1.907454111878437164e-01,3.359320997531778374e-02,3.252062325162512202e-02,-1.497183385285462930e-02,-2.250680233036538025e-01,9.295663209200624721e-03,-2.669693637550217269e-01,-2.060782290984219389e-01,-2.733596085597594927e-01,1.130239643939883430e-02,9.981387726003117244e-02,-8.459606327492523448e-02,3.222037957413328435e-01,2.245483757825460225e-01,9.424127454756897615e-02,-6.757908209245588882e-02,2.090434781232857753e-01,1.077027566374411625e-02,-1.886047756873266146e-01,-1.041194117042504863e-01,6.756044088739895925e-02,2.398247842940639044e-02,4.058022797109501756e-01,5.660220159479787544e-02,-6.890218903895845015e-02,-1.492536540620162389e-01
3.506071260740298290e-02,-5.613618282733298659e-02,1.000000000000000000e+00,-3.225874135290789091e-02,4.734950611233183088e-02,-7.925360564876589298e-02,3.910788473084091804e-02,4.232556109111103998e-02,1.188608265107481549e-01,2.326277201913791726e-01,9.870042281655718591e-03,3.644432635818241339e-02,1.878180892115793033e-01,5.161432821032692353e-02,4.524102628673597887e-02,4.182095190614482788e-02,-1.568057978807637365e-01,3.918996851804356640e-01,2.134221091093678191e-01,5.562354223409579079e-01,3.592545761335427246e-01,5.419246938317638929e-01,-2.040995042012062055e-01,-1.273985045994035503e-01,1.651617935557232741e-01,-9.755991438135569807e-03,-7.055766511481986964e-04,-2.017329073501979847e-02,-1.306975759835377615e-01,-1.069195769260067735e-01,1.490307288924736240e-01,1.726854310755461877e-02,-2.742182840776477559e-02,3.033854259451800317e-01,-8.617495530662999670e-02,8.092964791138516911e-02,4.575220116482028865e-02,4.994183936615732844e-02,-2.670883223435818396e-02
-1.173144351211741487e-01,-1.924652402004439766e-02,-3.225874135290789091e-02,1.000000000000000000e+00,6.466871576700556901e-01,3.404757955205951481e-01,4.715712725629271351e-01,-4.749191185102218105e-02,-4.352777744101882229e-02,2.328204784322562837e-01,5.363340335099592987e-02,2.699784302839727257e-01,3.378205343936694915e-01,-4.730626311978722992e-02,3.705312993719311887e-01,4.468225066470292162e-01,2.150208573414346680e-01,-2.749586418901857066e-01,-3.992418984327738007e-01,-1.329440744800655105e-01,-2.043244627743665276e-01,-1.799118970553648458e-02,1.901064971125299430e-01,-3.875295891263016036e-03,8.692551154340114050e-02,-2.892782505021967432e-01,-3.365923199056716220e-01,3.403924149511025066e-01,6.906018767364595357e-02,-5.406971989305651288e-02,-2.860303204773386419e-03,5.814784370585690532e-02,-2.956302824317389236e-02,3.006960911094342936e-01,-2.255658390890555032e-01,-2.222612831954141055e-01,-3.800780576388777532e-01,-2.893112462455300071e-01,-3.218191761524097361e-01
4.336132889420166864e-02,1.486055294254316206e-01,4.734950611233183088e-02,6.466871576700556901e-01,1.000000000000000000e+00,1.528437220275566388e-01,3.485722187081388701e-01,9.431792059917945559e-02,1.810102009664527611e-01,4.972684948591218346e-01,9.918974320999403294e-02,2.369518261199786979e-01,4.038631343998885792e-01,-6.545583685922988504e-02,5.109402298326781722e-01,5.938833238707914575e-01,1.024895246064553983e-01,-2.956492484361230022e-01,-2.210121482917144220e-01,-8.637823326457964856e-02,-2.423875106485038899e-01,3.076690837917326130e-02,1.198446939164595076e-01,2.335831821238696857e-02,1.618993325456935251e-01,-2.435622659636893228e-01,-3.602339162611002399e-01,4.111827712368555376e-01,-5.707401877331483298e-02,1.567135804407597532e-01,8.259950149436011413e-02,3.494840919526689266e-02,-6.267851724082529330e-02,5.522995161078252391e-01,-2.631687972919570795e-01,4.055073425248966607e-02,-3.442512522957372201e-01,-2.685323907154352208e-01,-4.175709584945717090e-01
-1.975763645374127575e-01,-1.524360123433648739e-01,-7.925360564876589298e-02,3.404757955205951481e-01,1.528437220275566388e-01,1.000000000000000000e+00,5.787990201867433404e-01,-1.179237905411399806e-01,-4.483896895723311071e-01,-1.267762234880351058e-01,4.056835873042180518e-01,4.899409214854075212e-01,1.411466571821647364e-01,3.569593470911229804e-01,2.647450839917063203e-01,4.136706963327491798e-02,6.607258509091594734e-01,-4.109966908754571907e-02,-3.880141080900662565e-01,-1.898230830762792365e-01,-1.167727471476396328e-01,-9.533598374648259710e-02,6.495865480675186987e-01,3.978603778134249813e-01,2.996520455993780252e-01,1.785163151601240963e-02,5.637448773341292158e-02,3.189153754308158284e-01,5.896463146121192489e-01,-1.601253992838575224e-01,3.429126256098247172e-02,2.636409653353708471e-01,6.397607926466615524e-02,-5.397130486014855427e-02,4.381422541932988857e-01,-2.797254683424448829e-01,6.765489764263112049e-02,-2.575805558718065602e-01,-9.867157615675717364e-02
-3.223321839263797867e-02,2.162829656024737451e-02,3.910788473084091804e-02,4.715712725629271351e-01,3.485722187081388701e-01,5.787990201867433404e-01,1.000000000000000000e+00,-1.016893100550434609e-01,-2.903293578514304918e-01,-9.903107524884052770e-02,1.696070961266147592e-01,3.714879882795335542e-01,1.693113306036423127e-01,2.751407184569335529e-01,2.183225565175915539e-01,1.292867896079853002e-02,5.083204096830525875e-01,-1.026470056518234419e-01,-2.996931296449294457e-01,-1.388717044964854486e-01,-6.111281361609323393e-02,-1.300251357978755243e-03,3.905802805597796135e-01,1.776384167284704996e-01,1.085863524137151981e-01,-6.951698080846332095e-04,1.203764167122513135e-01,2.804315029900616985e-01,3.176139828699504064e-01,-2.017408810883265791e-01,1.183940302426562084e-02,-8.344190350152193292e-03,-4.395321147682287877e-02,1.283815102274500075e-01,2.377153020411262030e-01,-1.972319550166310997e-01,-1.304708684878044533e-01,-3.091377270597032711e-01,-2.381960035451574365e-01
-7.480964924877755995e-02,-2.649408560998704754e-02,4.232556109111103998e-02,-4.749191185102218105e-02,9.431792059917945559e-02,-1.179237905411399806e-01,-1.016893100550434609e-01,1.000000000000000000e+00,2.406757330554067792e-02,2.231984086246643559e-02,1.543643274344105951e-03,-7.341592216242261160e-02,6.540402043862393600e-02,-1.506130515649530544e-01,-4.622043214248183068e-02,-7.441879767901456166e-02,-4.121513577944206641e-02,-4.070916967799162803e-03,9.075077830717645511e-02,2.994185194212298784e-01,3.207595028429564010e-01,3.437822576086210780e-01,-1.729356162194268520e-01,-1.583899994828506796e-01,-6.987509594604184027e-02,-8.430334173092439431e-02,-9.912996013853053734e-02,-2.712002278601798738e-02,1.375700384973147818e-02,-3.318495195441639734e-02,4.312530034610876500e-02,-2.708184624698636855e-02,8.025647464353406757e-02,-4.901246189136958253e-02,-2.431140581390788327e-02,-1.766781390522442416e-02,4.402767836043794403e-02,-7.412643628742747112e-03,-1.893576676362207778e-01
2.315605705478228360e-01,2.510358108494110119e-01,1.188608265107481549e-01,-4.352777744101882229e-02,1.810102009664527611e-01,-4.483896895723311071e-01,-2.903293578514304918e-01,2.406757330554067792e-02,1.000000000000000000e+00,3.911786423096385024e-01,-1.270223166258779013e-01,-1.860115594017236196e-01,2.516762693968283560e-01,-2.020062392490042102e-02,1.425638897247801240e-01,3.497281420242924765e-01,-3.518737308414154885e-01,-5.979916453812483823e-02,1.704111391826973743e-01,6.682824572066904667e-02,-1.416535926070714713e-01,2.217163357354319173e-02,-1.736331030431980671e-01,-5.309940472214770557e-02,1.238025605056868733e-01,4.548625732271886768e-02,-1.572109591342806811e-01,1.510109063477360798e-02,-3.942784396782221812e-01,3.861741465701670761e-01,-3.168925922150956503e-02,-1.100814160887272214e-01,8.445379582125156492e-02,3.372973148011982336e-01,-2.909226157374888433e-01,4.049944402440184832e-01,-8.545850086887724073e-02,1.351415194956885890e-01,4.007448250260896294e-02
4.076726232331915473e-02,4.865923673939034910e-02,2.326277201913791726e-01,2.328204784322562837e-01,4.972684948591218346e-01,-1.267762234880351058e-01,-9.903107524884052770e-02,2.231984086246643559e-02,3.911786423096385024e-01,1.000000000000000000e+00,-4.146518725763864016e-02,3.027010554938329157e-01,5.949339018912551680e-01,-1.310475471992503249e-01,3.731633492465357693e-01,5.789447642833741581e-01,-2.386287001297524302e-01,-1.110907824275269018e-01,-6.426836981209424482e-02,1.733517741333519824e-01,-1.648397255961726315e-01,2.042259668418179019e-01,-1.089267378784099100e-01,-5.573631997149965794e-02,2.613136380451937524e-01,-1.706506237994601383e-01,-3.785094354349788914e-01,2.083638674235855359e-01,-2.850440889692988367e-01,3.009368388415106788e-01,-1.436322914624987152e-02,6.158377513708005596e-02,-6.112376624799897851e-02,5.638828544796755660e-01,-3.793105514653846710e-01,1.119102599016590094e-01,-2.797618234030225248e-01,-3.202720998520044993e-02,-1.509775614636123808e-01
3.558253336024966990e-02,-3.696757191414438287e-02,9.870042281655718591e-03,5.363340335099592987e-02,9.918974320999403294e-02,4.056835873042180518e-01,1.696070961266147592e-01,1.543643274344105951e-03,-1.270223166258779013e-01,-4.146518725763864016e-02,1.000000000000000000e+00,2.041238859786038140e-01,7.553815820068938980e-02,1.327814439641094024e-01,2.601200733955372213e-01,6.767781198703225198e-02,4.562681265649498052e-01,8.472895283757977958e-02,8.183669808320487293e-02,-9.207696794208114488e-02,-5.853860905510209489e-02,-4.518608176410453953e-02,4.197125195979419798e-01,4.395778402047618161e-01,5.090469090502570682e-01,9.716727158042345880e-02,1.084941636509299256e-01,9.806620492977791148e-02,2.591328624600930386e-01,8.312210581949612542e-02,-9.937681077776644792e-03,3.104900687114348079e-01,8.315561416092294433e-02,9.074802081320458569e-02,3.362797450507350461e-01,-2.334256426754775793e-02,4.066028335876220035e-01,-4.772077911823541935e-02,4.758099629624688159e-02
-1.444319778353077288e-01,-6.933074857383525469e-02,3.644432635818241339e-02,2.699784302839727257e-01,2.369518261199786979e-01,4.899409214854075212e-01,3.714879882795335542e-01,-7.341592216242261160e-02,-1.860115594017236196e-01,3.027010554938329157e-01,2.041238859786038140e-01,1.000000000000000000e+00,5.050287786838174586e-01,2.452028408110900060e-01,5.526527805404791716e-01,2.168434227038843753e-01,5.008813603667632286e-01,-2.861900224334904541e-01,-4.996325617409604347e-01,-1.941715152376856657e-01,-8.842930550993191585e-02,-7.972755453784580171e-02,3.401841424587174201e-01,3.055750349488617346e-01,7.885822879821503817e-02,3.439032112518241105e-03,-9.187440689608075695e-02,3.338635768833394524e-01,3.461234909127096637e-01,-2.748352884747147507e-02,-1.478630251421181596e-01,3.483878269820611662e-02,2.894201500790391512e-02,3.628262613804573294e-02,3.080050453008813527e-01,-1.951176131870066277e-01,-7.853470754590476111e-02,-2.454738021939923964e-01,-1.703477630850034896e-01
-1.362392194228483067e-01,-1.018410028243098148e-01,1.878180892115793033e-01,3.378205343936694915e-01,4.038631343998885792e-01,1.411466571821647364e-01,1.693113306036423127e-01,6.540402043862393600e-02,2.516762693968283560e-01,5.949339018912551680e-01,7.553815820068938980e-02,5.050287786838174586e-01,1.000000000000000000e+00,-4.050533507993367421e-02,4.639199910811586114e-01,4.441541253522117705e-01,7.227363599663325089e-02,-1.248893726212802480e-01,-2.262697550258482015e-01,9.486587639337908107e-02,-6.233655485808702740e-02,1.835290619167191939e-01,-3.673760958004940180e-02,-3.030676992940130668e-02,1.703707218217334618e-01,-2.163594884306500321e-01,-3.427411315091672406e-01,2.144814545106032144e-01,-8.531749508785112235e-02,9.096380475063803317e-02,-1.580622424789166758e-01,1.157050113683739806e-01,7.342595927191958305e-02,3.574325979164019729e-01,-2.040514085324370286e-01,-1.098056987924333205e-01,-2.992695218544395019e-01,-2.009950778830438545e-01,-2.340559060374222400e-01
2.335042117042190335e-01,1.907454111878437164e-01,5.161432821032692353e-02,-4.730626311978722992e-02,-6.545583685922988504e-02,3.569593470911229804e-01,2.751407184569335529e-01,-1.506130515649530544e-01,-2.020062392490042102e-02,-1.310475471992503249e-01,1.327814439641094024e-01,2.452028408110900060e-01,-4.050533507993367421e-02,1.000000000000000000e+00,2.277295287231400067e-01,5.219053171244950051e-02,4.071880686638659763e-01,1.141842604366957864e-01,-1.243311833149161189e-01,-1.587180492100756513e-01,-9.799708527149812720e-02,-1.339386374729077678e-01,4.752868811267771942e-01,5.150538964121181840e-01,2.011851491119000523e-01,3.944640562163157504e-01,3.699461724405275209e-01,3.010073952898302263e-01,4.523644005429257042e-01,1.928459120847605957e-01,6.430772308357234068e-02,3.525559476324010427e-02,-1.123218285430221397e-01,-1.091495967483629426e-01,5.365423186279852930e-01,1.951020114619713697e-01,3.671636264251000314e-01,3.582524831741271815e-02,1.552898449956313376e-01
2.355917517437107825e-02,3.359320997531778374e-02,4.524102628673597887e-02,3.705312993719311887e-01,5.109402298326781722e-01,2.647450839917063203e-01,2.183225565175915539e-01,-4.622043214248183068e-02,1.425638897247801240e-01,3.731633492465357693e-01,2.601200733955372213e-01,5.526527805404791716e-01,4.639199910811586114e-01,2.277295287231400067e-01,1.000000000000000000e+00,5.881724757460260467e-01,4.602704663902201232e-01,-2.890728760676700704e-01,-2.861995408839607125e-01,-2.501558628693352215e-01,-2.191516075982304634e-01,-1.250719570050673468e-01,3.037877131516312224e-01,3.821734559411016363e-01,1.474182790564642354e-01,-6.507267697353438796e-02,-2.002815220120193196e-01,4.313152809484931405e-01,2.478768686394669796e-01,2.158340946533096605e-01,-9.630838112312381516e-02,1.417790976165946570e-01,6.382665273244941817e-02,2.492224203308774644e-01,1.539741217775878468e-01,-2.376397575095201206e-02,-1.631322799324381664e-02,-1.790284497706785827e-01,-1.760831128889987496e-01
4.606522148667384353e-02,3.252062325162512202e-02,4.182095190614482788e-02,4.468225066470292162e-01,5.938833238707914575e-01,4.136706963327491798e-02,1.292867896079853002e-02,-7.441879767901456166e-02,3.497281420242924765e-01,5.789447642833741581e-01,6.767781198703225198e-02,2.168434227038843753e-01,4.441541253522117705e-01,5.219053171244950051e-02,5.881724757460260467e-01,1.000000000000000000e+00,9.548821860947985518e-02,-1.833551625517656214e-01,-1.425862937728562818e-01,-1.397804974993785143e-01,-2.560315507192353346e-01,-9.925080982941740515e-02,1.443618750023675512e-01,1.423386142570483015e-01,1.596588527816636682e-01,-2.101666165088721949e-01,-3.986348639934613192e-01,3.846409128941288280e-01,1.395295281223812855e-02,4.331282026039955380e-01,-7.030989664964149011e-02,1.682582459908884553e-01,1.525425771877429379e-02,3.548901296585583176e-01,-2.363284429390888342e-01,1.117710304769782004e-01,-1.989183105028624055e-01,-1.681958451891950035e-01,-1.938773412210450242e-01
-3.328449594446677290e-02,-1.497183385285462930e-02,-1.568057978807637365e-01,2.150208573414346680e-01,1.024895246064553983e-01,6.607258509091594734e-01,5.083204096830525875e-01,-4.121513577944206641e-02,-3.518737308414154885e-01,-2.386287001297524302e-01,4.562681265649498052e-01,5.008813603667632286e-01,7.227363599663325089e-02,4.071880686638659763e-01,4.602704663902201232e-01,9.548821860947985518e-02,1.000000000000000000e+00,-1.764825847793484448e-01,-2.846580476948943339e-01,-4.115874662826081720e-01,-6.055038047669090984e-02,-2.977573036005436435e-01,6.018707106523512040e-01,4.842583027837764620e-01,4.854376837498618202e-02,1.640580253123579135e-01,1.830545336259269407e-01,3.430829271936047808e-01,6.907786178251049680e-01,7.873256198930825723e-05,-1.358513976430274495e-01,1.390955323466893656e-01,1.682258557328494275e-01,-2.304198533484068112e-01,5.918589696481326712e-01,-1.647761689489613268e-01,1.898789043644492913e-01,-2.885874901494306366e-01,-1.167029537194282651e-01
-1.298909592188216520e-02,-2.250680233036538025e-01,3.918996851804356640e-01,-2.749586418901857066e-01,-2.956492484361230022e-01,-4.109966908754571907e-02,-1.026470056518234419e-01,-4.070916967799162803e-03,-5.979916453812483823e-02,-1.110907824275269018e-01,8.472895283757977958e-02,-2.861900224334904541e-01,-1.248893726212802480e-01,1.141842604366957864e-01,-2.890728760676700704e-01,-1.833551625517656214e-01,-1.764825847793484448e-01,1.000000000000000000e+00,5.085855439922868371e-01,5.267213918835148556e-01,3.612703481838918096e-01,3.960746289001526588e-01,-1.914581404806400822e-01,-1.154127355155090962e-01,1.903280185015768788e-01,1.481850343574835360e-01,2.378498197801364733e-01,-3.417960654964248279e-01,-1.866016762388179040e-01,-2.875226444349107124e-01,5.430272620093421626e-02,1.569358629035187136e-01,-8.668739136213657326e-02,3.719635926096030720e-02,-6.461301758058522748e-02,9.059371364139709448e-02,3.131484881863365599e-01,2.948728199278067286e-01,3.589700667307396675e-01
1.373262783268561493e-01,9.295663209200624721e-03,2.134221091093678191e-01,-3.992418984327738007e-01,-2.210121482917144220e-01,-3.880141080900662565e-01,-2.996931296449294457e-01,9.075077830717645511e-02,1.704111391826973743e-01,-6.426836981209424482e-02,8.183669808320487293e-02,-4.996325617409604347e-01,-2.262697550258482015e-01,-1.243311833149161189e-01,-2.861995408839607125e-01,-1.425862937728562818e-01,-2.846580476948943339e-01,5.085855439922868371e-01,1.000000000000000000e+00,3.132444875557456876e-01,2.451542154309050703e-01,2.924995136129887041e-01,-2.641628034225905197e-01,-1.078912814898967537e-01,2.676664654594021128e-02,1.424846955218153077e-01,1.914049271289994525e-01,-2.775659016567333937e-01,-2.455619256106155723e-01,1.531651709552193236e-02,-6.399351104187918880e-03,5.538637772574637325e-02,4.420595297247403160e-02,5.476298346453477295e-02,-1.166851026223271054e-01,1.628417747808920402e-01,2.647079537143818828e-01,1.619607214221081004e-01,1.821390255415573922e-01
-1.855982771842856482e-01,-2.669693637550217269e-01,5.562354223409579079e-01,-1.329440744800655105e-01,-8.637823326457964856e-02,-1.898230830762792365e-01,-1.388717044964854486e-01,2.994185194212298784e-01,6.682824572066904667e-02,1.733517741333519824e-01,-9.207696794208114488e-02,-1.941715152376856657e-01,9.486587639337908107e-02,-1.587180492100756513e-01,-2.501558628693352215e-01,-1.397804974993785143e-01,-4.115874662826081720e-01,5.267213918835148556e-01,3.132444875557456876e-01,1.000000000000000000e+00,4.359873728958251204e-01,7.454532473512029966e-01,-3.811292785096683233e-01,-3.331827067303954615e-01,1.255474070424471844e-01,-4.343220722611712548e-02,-1.487551292982590249e-02,-1.792640072366501747e-01,-2.918726067228853416e-01,-1.949828306765496178e-01,1.885473132530177953e-01,1.925644743961092142e-01,-1.091912185802806218e-01,2.109860678020385460e-01,-2.303877654745317971e-01,-1.175165462960996859e-02,6.309181552961005968e-02,3.224899699210913573e-01,2.210255057320454353e-01
-1.260693166521829334e-01,-2.060782290984219389e-01,3.592545761335427246e-01,-2.043244627743665276e-01,-2.423875106485038899e-01,-1.167727471476396328e-01,-6.111281361609323393e-02,3.207595028429564010e-01,-1.416535926070714713e-01,-1.648397255961726315e-01,-5.853860905510209489e-02,-8.842930550993191585e-02,-6.233655485808702740e-02,-9.799708527149812720e-02,-2.191516075982304634e-01,-2.560315507192353346e-01,-6.055038047669090984e-02,3.612703481838918096e-01,2.451542154309050703e-01,4.359873728958251204e-01,1.000000000000000000e+00,3.459109839767646188e-01,-2.859687802419400571e-01,-2.319800456950318057e-01,-1.969590886986238298e-01,3.896461436043610616e-02,1.112221146110456971e-01,-2.269014353872609580e-01,-2.889496718926801849e-02,-2.946678242943328030e-01,-5.660826159536607588e-02,1.072510070298025343e-02,1.318724147331161167e-01,-1.426876573400455983e-01,-3.565299901260093884e-02,-4.646565707325696348e-03,5.714661834395779599e-02,1.022638527551236187e-01,7.108637821750520003e-02
-2.346178323817851852e-01,-2.733596085597594927e-01,5.419246938317638929e-01,-1.799118970553648458e-02,3.076690837917326130e-02,-9.533598374648259710e-02,-1.300251357978755243e-03,3.437822576086210780e-01,2.217163357354319173e-02,2.042259668418179019e-01,-4.518608176410453953e-02,-7.972755453784580171e-02,1.835290619167191939e-01,-1.339386374729077678e-01,-1.250719570050673468e-01,-9.925080982941740515e-02,-2.977573036005436435e-01,3.960746289001526588e-01,2.924995136129887041e-01,7.454532473512029966e-01,3.459109839767646188e-01,1.000000000000000000e+00,-2.985290676079609962e-01,-2.080687696445109314e-01,1.461485322151082622e-01,-8.054245685466610016e-02,1.247180031983482172e-02,-1.252508225171799494e-01,-2.026917503139984977e-01,-1.721146900786655332e-01,1.744748077210650228e-01,8.743078672384235750e-02,-8.856607099084612411e-02,3.108811555755782163e-01,-1.631931782717085666e-01,-6.173199769506262230e-02,1.502727551932484841e-02,1.647369493092440129e-01,1.048601074304758435e-01
-3.872227269330899557e-02,1.130239643939883430e-02,-2.040995042012062055e-01,1.901064971125299430e-01,1.198446939164595076e-01,6.495865480675186987e-01,3.905802805597796135e-01,-1.729356162194268520e-01,-1.736331030431980671e-01,-1.089267378784099100e-01,4.197125195979419798e-01,3.401841424587174201e-01,-3.673760958004940180e-02,4.752868811267771942e-01,3.037877131516312224e-01,1.443618750023675512e-01,6.018707106523512040e-01,-1.914581404806400822e-01,-2.641628034225905197e-01,-3.811292785096683233e-01,-2.859687802419400571e-01,-2.985290676079609962e-01,1.000000000000000000e+00,6.632863458435108717e-01,4.199838689999499386e-01,1.308195719946608770e-01,1.160604115842535367e-01,4.387004896355368722e-01,5.853992738092059778e-01,2.405081577637821488e-01,3.903306118541383790e-02,1.854189695419164730e-01,6.883748830976335609e-02,-2.335858343627353340e-02,5.475639533104738055e-01,-4.805481524644132640e-02,1.763867436151899393e-01,-1.817624618313442852e-01,-1.475817817655181857e-02
1.104568690552805987e-01,9.981387726003117244e-02,-1.273985045994035503e-01,-3.875295891263016036e-03,2.335831821238696857e-02,3.978603778134249813e-01,1.776384167284704996e-01,-1.583899994828506796e-01,-5.309940472214770557e-02,-5.573631997149965794e-02,4.395778402047618161e-01,3.055750349488617346e-01,-3.030676992940130668e-02,5.150538964121181840e-01,3.821734559411016363e-01,1.423386142570483015e-01,4.842583027837764620e-01,-1.154127355155090962e-01,-1.078912814898967537e-01,-3.331827067303954615e-01,-2.319800456950318057e-01,-2.080687696445109314e-01,6.632863458435108717e-01,1.000000000000000000e+00,3.670012996161626240e-01,2.284266231509801126e-01,2.272678323409034196e-01,3.221488406572654006e-01,4.557310142170881706e-01,3.428441042989441301e-01,7.113441526010637339e-02,1.631707873803953379e-01,5.585434677494367263e-03,-9.231050433418984055e-03,6.131924339608094687e-01,8.418139839026900217e-02,4.470725146253174964e-01,-1.499357850564494443e-01,6.001960441651248146e-02
-2.335992260494160373e-03,-8.459606327492523448e-02,1.651617935557232741e-01,8.692551154340114050e-02,1.618993325456935251e-01,2.996520455993780252e-01,1.085863524137151981e-01,-6.987509594604184027e-02,1.238025605056868733e-01,2.613136380451937524e-01,5.090469090502570682e-01,7.885822879821503817e-02,1.703707218217334618e-01,2.011851491119000523e-01,1.474182790564642354e-01,1.596588527816636682e-01,4.854376837498618202e-02,1.903280185015768788e-01,2.676664654594021128e-02,1.255474070424471844e-01,-1.969590886986238298e-01,1.461485322151082622e-01,4.199838689999499386e-01,3.670012996161626240e-01,1.000000000000000000e+00,6.230118022104600556e-02,3.579312370333845306e-02,3.380982206828275771e-02,1.538333630657873034e-02,1.505605812680678168e-01,1.286459743246386456e-01,2.627523788071498556e-01,-1.171453794115420721e-01,4.457859190099925373e-01,1.039934158667098762e-01,9.152671910386317444e-02,2.512647800776531271e-01,9.399442880788923260e-02,9.506844048860588203e-02
3.491802148808059725e-01,3.222037957413328435e-01,-9.755991438135569807e-03,-2.892782505021967432e-01,-2.435622659636893228e-01,1.785163151601240963e-02,-6.951698080846332095e-04,-8.430334173092439431e-02,4.548625732271886768e-02,-1.706506237994601383e-01,9.716727158042345880e-02,3.439032112518241105e-03,-2.163594884306500321e-01,3.944640562163157504e-01,-6.507267697353438796e-02,-2.101666165088721949e-01,1.640580253123579135e-01,1.481850343574835360e-01,1.424846955218153077e-01,-4.343220722611712548e-02,3.896461436043610616e-02,-8.054245685466610016e-02,1.308195719946608770e-01,2.284266231509801126e-01,6.230118022104600556e-02,1.000000000000000000e+00,7.428926372944060219e-01,-6.061270205075770801e-02,2.075997742353707376e-01,7.231651097085940727e-02,-6.429207609233468512e-02,-1.301163499746936340e-02,7.255625172876824236e-02,-2.153800209096407292e-01,4.434165105655542560e-01,4.720787870943151665e-01,5.139923422879928427e-01,4.061798920783791789e-01,4.521825340623334410e-01
2.790844037315999837e-01,2.245483757825460225e-01,-7.055766511481986964e-04,-3.365923199056716220e-01,-3.602339162611002399e-01,5.637448773341292158e-02,1.203764167122513135e-01,-9.912996013853053734e-02,-1.572109591342806811e-01,-3.785094354349788914e-01,1.084941636509299256e-01,-9.187440689608075695e-02,-3.427411315091672406e-01,3.699461724405275209e-01,-2.002815220120193196e-01,-3.986348639934613192e-01,1.830545336259269407e-01,2.378498197801364733e-01,1.914049271289994525e-01,-1.487551292982590249e-02,1.112221146110456971e-01,1.247180031983482172e-02,1.160604115842535367e-01,2.272678323409034196e-01,3.579312370333845306e-02,7.428926372944060219e-01,1.000000000000000000e+00,-1.531592372381571365e-01,2.257009724536148121e-01,-7.659004488018762713e-02,3.793749686281414069e-02,-1.260452857068192732e-02,-1.196576576611914659e-03,-2.772659350614815610e-01,4.750613930000614493e-01,3.183029998354123813e-01,5.386113312014089161e-01,3.242200488042953355e-01,4.272937851746828608e-01
-3.309248888935012456e-02,9.424127454756897615e-02,-2.017329073501979847e-02,3.403924149511025066e-01,4.111827712368555376e-01,3.189153754308158284e-01,2.804315029900616985e-01,-2.712002278601798738e-02,1.510109063477360798e-02,2.083638674235855359e-01,9.806620492977791148e-02,3.338635768833394524e-01,2.144814545106032144e-01,3.010073952898302263e-01,4.313152809484931405e-01,3.846409128941288280e-01,3.430829271936047808e-01,-3.417960654964248279e-01,-2.775659016567333937e-01,-1.792640072366501747e-01,-2.269014353872609580e-01,-1.252508225171799494e-01,4.387004896355368722e-01,3.221488406572654006e-01,3.380982206828275771e-02,-6.061270205075770801e-02,-1.531592372381571365e-01,1.000000000000000000e+00,4.737218547667921831e-01,3.785672800050106090e-01,2.554377582080258335e-01,2.220710951946083256e-01,1.398243573672647844e-01,9.169245477757786977e-02,2.390078826959611824e-01,-9.826451120365316261e-02,-6.574938872002432377e-02,-2.211080105093654324e-01,-2.052886721151023774e-01
-1.433619412199702015e-01,-6.757908209245588882e-02,-1.306975759835377615e-01,6.906018767364595357e-02,-5.707401877331483298e-02,5.896463146121192489e-01,3.176139828699504064e-01,1.375700384973147818e-02,-3.942784396782221812e-01,-2.850440889692988367e-01,2.591328624600930386e-01,3.461234909127096637e-01,-8.531749508785112235e-02,4.523644005429257042e-01,2.478768686394669796e-01,1.395295281223812855e-02,6.907786178251049680e-01,-1.866016762388179040e-01,-2.455619256106155723e-01,-2.918726067228853416e-01,-2.889496718926801849e-02,-2.026917503139984977e-01,5.853992738092059778e-01,4.557310142170881706e-01,1.538333630657873034e-02,2.075997742353707376e-01,2.257009724536148121e-01,4.737218547667921831e-01,1.000000000000000000e+00,1.728801779929191873e-01,-2.265822078119152094e-02,2.622427929232626354e-01,1.897874873002551033e-01,-3.661964880877213724e-01,6.595106242475081704e-01,-1.689859362807367149e-01,2.619890477465153800e-01,-1.692951729594679433e-01,-2.105622264797434723e-02
1.788580587290120316e-01,2.090434781232857753e-01,-1.069195769260067735e-01,-5.406971989305651288e-02,1.567135804407597532e-01,-1.601253992838575224e-01,-2.017408810883265791e-01,-3.318495195441639734e-02,3.861741465701670761e-01,3.009368388415106788e-01,8.312210581949612542e-02,-2.748352884747147507e-02,9.096380475063803317e-02,1.928459120847605957e-01,2.158340946533096605e-01,4.331282026039955380e-01,7.873256198930825723e-05,-2.875226444349107124e-01,1.531651709552193236e-02,-1.949828306765496178e-01,-2.946678242943328030e-01,-1.721146900786655332e-01,2.405081577637821488e-01,3.428441042989441301e-01,1.505605812680678168e-01,7.231651097085940727e-02,-7.659004488018762713e-02,3.785672800050106090e-01,1.728801779929191873e-01,1.000000000000000000e+00,3.366020368601548712e-02,1.358237900344134719e-01,3.219140615221728619e-02,1.328433000839185918e-01,1.352726043403422174e-01,2.921910357657373503e-01,1.207553278207769976e-01,4.324000779833237851e-04,1.434437949293919032e-02
-2.948554318575572972e-03,1.077027566374411625e-02,1.490307288924736240e-01,-2.860303204773386419e-03,8.259950149436011413e-02,3.429126256098247172e-02,1.183940302426562084e-02,4.312530034610876500e-02,-3.168925922150956503e-02,-1.436322914624987152e-02,-9.937681077776644792e-03,-1.478630251421181596e-01,-1.580622424789166758e-01,6.430772308357234068e-02,-9.630838112312381516e-02,-7.030989664964149011e-02,-1.358513976430274495e-01,5.430272620093421626e-02,-6.399351104187918880e-03,1.885473132530177953e-01,-5.660826159536607588e-02,1.744748077210650228e-01,3.903306118541383790e-02,7.113441526010637339e-02,1.286459743246386456e-01,-6.429207609233468512e-02,3.793749686281414069e-02,2.554377582080258335e-01,-2.265822078119152094e-02,3.366020368601548712e-02,1.000000000000000000e+00,2.400969827423808656e-01,4.123738492324772326e-02,1.360069045043596492e-01,3.949113401336219048e-02,4.133516932007165467e-02,1.569316888994405079e-01,-6.572727317560967753e-04,-3.750054196808188384e-02
-1.649990048681870825e-01,-1.886047756873266146e-01,1.726854310755461877e-02,5.814784370585690532e-02,3.494840919526689266e-02,2.636409653353708471e-01,-8.344190350152193292e-03,-2.708184624698636855e-02,-1.100814160887272214e-01,6.158377513708005596e-02,3.104900687114348079e-01,3.483878269820611662e-02,1.157050113683739806e-01,3.525559476324010427e-02,1.417790976165946570e-01,1.682582459908884553e-01,1.390955323466893656e-01,1.569358629035187136e-01,5.538637772574637325e-02,1.925644743961092142e-01,1.072510070298025343e-02,8.743078672384235750e-02,1.854189695419164730e-01,1.631707873803953379e-01,2.627523788071498556e-01,-1.301163499746936340e-02,-1.260452857068192732e-02,2.220710951946083256e-01,2.622427929232626354e-01,1.358237900344134719e-01,2.400969827423808656e-01,1.000000000000000000e+00,1.389977355195129716e-01,-5.391713644636576125e-02,1.448615519370572979e-01,-1.234789806302659387e-01,3.357811822052128581e-01,9.547819491080189458e-02,1.780232243584490559e-01
-1.600816513205855218e-01,-1.041194117042504863e-01,-2.742182840776477559e-02,-2.956302824317389236e-02,-6.267851724082529330e-02,6.397607926466615524e-02,-4.395321147682287877e-02,8.025647464353406757e-02,8.445379582125156492e-02,-6.112376624799897851e-02,8.315561416092294433e-02,2.894201500790391512e-02,7.342595927191958305e-02,-1.123218285430221397e-01,6.382665273244941817e-02,1.525425771877429379e-02,1.682258557328494275e-01,-8.668739136213657326e-02,4.420595297247403160e-02,-1.091912185802806218e-01,1.318724147331161167e-01,-8.856607099084612411e-02,6.883748830976335609e-02,5.585434677494367263e-03,-1.171453794115420721e-01,7.255625172876824236e-02,-1.196576576611914659e-03,1.398243573672647844e-01,1.897874873002551033e-01,3.219140615221728619e-02,4.123738492324772326e-02,1.389977355195129716e-01,1.000000000000000000e+00,-1.770198794739811787e-01,1.692574064056086292e-01,1.217523106427226831e-01,6.643979424003654266e-02,4.551854793417900447e-02,8.956645329571051584e-02
5.058681125336306206e-02,6.756044088739895925e-02,3.033854259451800317e-01,3.006960911094342936e-01,5.522995161078252391e-01,-5.397130486014855427e-02,1.283815102274500075e-01,-4.901246189136958253e-02,3.372973148011982336e-01,5.638828544796755660e-01,9.074802081320458569e-02,3.628262613804573294e-02,3.574325979164019729e-01,-1.091495967483629426e-01,2.492224203308774644e-01,3.548901296585583176e-01,-2.304198533484068112e-01,3.719635926096030720e-02,5.476298346453477295e-02,2.109860678020385460e-01,-1.426876573400455983e-01,3.108811555755782163e-01,-2.335858343627353340e-02,-9.231050433418984055e-03,4.457859190099925373e-01,-2.153800209096407292e-01,-2.772659350614815610e-01,9.169245477757786977e-02,-3.661964880877213724e-01,1.328433000839185918e-01,1.360069045043596492e-01,-5.391713644636576125e-02,-1.770198794739811787e-01,1.000000000000000000e+00,-3.666093663077683029e-01,1.001258078940541890e-01,-2.701307493816916816e-01,-1.474364776686958034e-01,-2.544220225228813193e-01
2.048486982940155021e-03,2.398247842940639044e-02,-8.617495530662999670e-02,-2.255658390890555032e-01,-2.631687972919570795e-01,4.381422541932988857e-01,2.377153020411262030e-01,-2.431140581390788327e-02,-2.909226157374888433e-01,-3.793105514653846710e-01,3.362797450507350461e-01,3.080050453008813527e-01,-2.040514085324370286e-01,5.365423186279852930e-01,1.539741217775878468e-01,-2.363284429390888342e-01,5.918589696481326712e-01,-6.461301758058522748e-02,-1.166851026223271054e-01,-2.303877654745317971e-01,-3.565299901260093884e-02,-1.631931782717085666e-01,5.475639533104738055e-01,6.131924339608094687e-01,1.039934158667098762e-01,4.434165105655542560e-01,4.750613930000614493e-01,2.390078826959611824e-01,6.595106242475081704e-01,1.352726043403422174e-01,3.949113401336219048e-02,1.448615519370572979e-01,1.692574064056086292e-01,-3.666093663077683029e-01,1.000000000000000000e+00,5.524545643828535080e-02,5.737994790954613622e-01,1.447023972242851737e-02,1.779097137449168198e-01
4.424686789737204418e-01,4.058022797109501756e-01,8.092964791138516911e-02,-2.222612831954141055e-01,4.055073425248966607e-02,-2.797254683424448829e-01,-1.972319550166310997e-01,-1.766781390522442416e-02,4.049944402440184832e-01,1.119102599016590094e-01,-2.334256426754775793e-02,-1.951176131870066277e-01,-1.098056987924333205e-01,1.951020114619713697e-01,-2.376397575095201206e-02,1.117710304769782004e-01,-1.647761689489613268e-01,9.059371364139709448e-02,1.628417747808920402e-01,-1.175165462960996859e-02,-4.646565707325696348e-03,-6.173199769506262230e-02,-4.805481524644132640e-02,8.418139839026900217e-02,9.152671910386317444e-02,4.720787870943151665e-01,3.183029998354123813e-01,-9.826451120365316261e-02,-1.689859362807367149e-01,2.921910357657373503e-01,4.133516932007165467e-02,-1.234789806302659387e-01,1.217523106427226831e-01,1.001258078940541890e-01,5.524545643828535080e-02,1.000000000000000000e+00,2.953462762962071886e-01,4.024739165864570367e-01,3.501767565192266396e-01
1.802257590516369024e-01,5.660220159479787544e-02,4.575220116482028865e-02,-3.800780576388777532e-01,-3.442512522957372201e-01,6.765489764263112049e-02,-1.304708684878044533e-01,4.402767836043794403e-02,-8.545850086887724073e-02,-2.797618234030225248e-01,4.066028335876220035e-01,-7.853470754590476111e-02,-2.992695218544395019e-01,3.671636264251000314e-01,-1.631322799324381664e-02,-1.989183105028624055e-01,1.898789043644492913e-01,3.131484881863365599e-01,2.647079537143818828e-01,6.309181552961005968e-02,5.714661834395779599e-02,1.502727551932484841e-02,1.763867436151899393e-01,4.470725146253174964e-01,2.512647800776531271e-01,5.139923422879928427e-01,5.386113312014089161e-01,-6.574938872002432377e-02,2.619890477465153800e-01,1.207553278207769976e-01,1.569316888994405079e-01,3.357811822052128581e-01,6.643979424003654266e-02,-2.701307493816916816e-01,5.737994790954613622e-01,2.953462762962071886e-01,1.000000000000000000e+00,3.236231431634423727e-01,4.698126255287194408e-01
4.080534471838266619e-02,-6.890218903895845015e-02,4.994183936615732844e-02,-2.893112462455300071e-01,-2.685323907154352208e-01,-2.575805558718065602e-01,-3.091377270597032711e-01,-7.412643628742747112e-03,1.351415194956885890e-01,-3.202720998520044993e-02,-4.772077911823541935e-02,-2.454738021939923964e-01,-2.009950778830438545e-01,3.582524831741271815e-02,-1.790284497706785827e-01,-1.681958451891950035e-01,-2.885874901494306366e-01,2.948728199278067286e-01,1.619607214221081004e-01,3.224899699210913573e-01,1.022638527551236187e-01,1.647369493092440129e-01,-1.817624618313442852e-01,-1.499357850564494443e-01,9.399442880788923260e-02,4.061798920783791789e-01,3.242200488042953355e-01,-2.211080105093654324e-01,-1.692951729594679433e-01,4.324000779833237851e-04,-6.572727317560967753e-04,9.547819491080189458e-02,4.551854793417900447e-02,-1.474364776686958034e-01,1.447023972242851737e-02,4.024739165864570367e-01,3.236231431634423727e-01,1.000000000000000000e+00,7.465239473465820064e-01
-3.343285388380959344e-02,-1.492536540620162389e-01,-2.670883223435818396e-02,-3.218191761524097361e-01,-4.175709584945717090e-01,-9.867157615675717364e-02,-2.381960035451574365e-01,-1.893576676362207778e-01,4.007448250260896294e-02,-1.509775614636123808e-01,4.758099629624688159e-02,-1.703477630850034896e-01,-2.340559060374222400e-01,1.552898449956313376e-01,-1.760831128889987496e-01,-1.938773412210450242e-01,-1.167029537194282651e-01,3.589700667307396675e-01,1.821390255415573922e-01,2.210255057320454353e-01,7.108637821750520003e-02,1.048601074304758435e-01,-1.475817817655181857e-02,6.001960441651248146e-02,9.506844048860588203e-02,4.521825340623334410e-01,4.272937851746828608e-01,-2.052886721151023774e-01,-2.105622264797434723e-02,1.434437949293919032e-02,-3.750054196808188384e-02,1.780232243584490559e-01,8.956645329571051584e-02,-2.544220225228813193e-01,1.779097137449168198e-01,3.501767565192266396e-01,4.698126255287194408e-01,7.465239473465820064e-01,1.000000000000000000e+00
