1.000000000000000000e+00,4.603316235440445547e-01,1.384042333102073197e-01,7.764220967724075328e-02,1.062277271393863992e-01,5.837209061978965857e-02,4.888271518099937540e-01,1.292433311247862815e-01,1.116581626744085204e-01,1.067643023275208387e-02,3.893899790334728883e-01,-2.017825486710889127e-01,2.822915981299046195e-01,4.641786978258968799e-01,9.906938579691383640e-02,1.698083809504869202e-01,5.264181744441365218e-02,-1.286296219595883805e-01,-7.967686713988197944e-02,-2.100445855102164583e-01,-6.934648015962543988e-02,3.206187841667036964e-01,3.073488064264269792e-01,4.282443438587488216e-01,3.055376662959873313e-01,-4.547802775563254685e-02,3.775219523954861378e-01,-1.780766428432057624e-01,-1.470870603210795435e-01,-1.804198744390402287e-01,3.819946986601749361e-01,4.369566388122062550e-01,2.279299004731396572e-01,-1.558226096948741590e-01,-2.573926536933493492e-01,8.874703923547208606e-02,2.347334971871760656e-01,5.868512277241850761e-01,-2.787096841562731186e-01
4.603316235440445547e-01,1.000000000000000000e+00,2.277154086975505254e-01,-1.159868156146083053e-02,2.125463522197497956e-01,-1.760527962377823052e-01,3.385493024146423724e-01,-1.603212129576483402e-01,1.401587008949285208e-02,3.288039412845818465e-01,-2.848099094906987247e-02,1.130399818661820821e-01,2.180025107724175293e-01,1.632612958935595604e-01,-1.883124664874705548e-02,1.301699955730984959e-01,-2.010091862684234842e-01,-2.918070834608966213e-01,-2.965217555803492666e-01,-3.206300638597703312e-01,-1.868741294376957407e-01,6.548973405250688162e-02,-7.542559102247743674e-02,8.441074002521889441e-02,1.583490749326589564e-01,-7.371046266677280800e-02,2.459350702735322858e-01,-1.420295503813011895e-01,-2.586397122243432323e-01,-1.269512940035645021e-01,2.254373988542544838e-01,1.525150962542494715e-01,9.989520846446951763e-02,-3.827617163695514607e-02,-1.862367831394772244e-01,7.069937441445543758e-02,1.751823257494932173e-01,5.686516903855858007e-02,1.003139768065890863e-02
1.384042333102073197e-01,2.277154086975505254e-01,1.000000000000000000e+00,2.262394900321478830e-01,3.338156529512557036e-01,5.773967900420397953e-02,3.096667394245261606e-01,-4.362648190122843661e-01,1.203890798789573890e-01,5.843413192937415429e-02,3.827104673439734456e-02,1.908657387951094853e-01,5.496600588267635396e-02,1.210114407119068369e-01,1.535680264817926022e-01,6.932565947138992490e-02,-9.174750682538392044e-02,6.605216157531366983e-02,8.863969890230029292e-02,1.605388872658826405e-02,-1.116070784265323773e-01,1.467970535628579029e-02,4.657807651288409928e-02,1.353239386079175821e-01,1.019675817510579674e-01,1.222429113511793938e-02,2.207202530841502752e-01,7.568661450944326463e-02,-4.982449509850605390e-02,-1.092356871185327649e-01,1.179078824990213714e-01,-2.095347432424210510e-02,5.571800624110927885e-02,1.184110844207501012e-01,-6.824572083362104302e-02,-9.874664499880776714e-02,1.018684591888384915e-02,-5.703432612132566110e-02,-1.084947448531482506e-01
7.764220967724075328e-02,-1.159868156146083053e-02,2.262394900321478830e-01,1.000000000000000000e+00,5.651510224844712438e-01,4.314633053782295224e-01,8.698610303224624252e-02,-3.474493039532235931e-03,3.476014873002737926e-01,1.104607878648281721e-01,-1.650932258531861638e-03,3.378541635683304789e-01,1.689895351461216388e-01,6.628795312052335187e-02,3.629010460347376621e-01,1.125349203141300658e-01,3.487125758832754219e-01,4.560725934447323882e-01,7.987232984017555992e-02,3.032301455086601760e-01,1.220662858487097796e-01,-5.366065238372175888e-02,1.868197890582261322e-01,-1.256301394096122903e-01,-7.584453012976456743e-02,3.745916071745804543e-01,-1.421971319022306002e-01,5.124381150369149429e-01,3.750816828701973304e-01,6.995200228388578911e-02,-7.960881067269687250e-02,-1.090368034422272703e-01,-5.553060086611506102e-02,4.358057866240808154e-01,1.400785654989755435e-01,-1.984266316001246366e-01,-2.912935116273052683e-01,-1.077856303890905969e-02,1.230307836107511349e-01
1.062277271393863992e-01,2.125463522197497956e-01,3.338156529512557036e-01,5.651510224844712438e-01,1.000000000000000000e+00,3.812231640621582263e-01,2.581532797043792349e-01,6.421281600220307695e-02,3.677761236907830522e-01,1.117803845603576318e-01,-4.998726913371844688e-02,3.901830189770466029e-01,1.783565452557558939e-01,1.009667984930713719e-01,4.051174494625712219e-01,7.310145316045620068e-02,2.186792478058268985e-01,4.306639152587981023e-01,2.508685590067307181e-01,3.526473578168543010e-01,2.373771491335029959e-01,1.666600436012732889e-01,1.085385816039364237e-01,-1.052113320898820925e-01,-4.536289962271214393e-02,3.021571694004698272e-01,-4.434698436949095768e-02,4.048311032580008684e-01,2.111266212493469463e-01,-1.439025503691715169e-01,-1.886562311080069651e-02,-9.271257505648702879e-02,-2.207519597131752179e-02,5.445042004957391102e-01,6.912626055988746465e-02,-2.666932004887798136e-01,-3.087507956265138076e-01,-1.572361217887224827e-01,1.705136622926346490e-01
5.837209061978965857e-02,-1.760527962377823052e-01,5.773967900420397953e-02,4.314633053782295224e-01,3.812231640621582263e-01,1.000000000000000000e+00,-7.819173316481371760e-02,2.289550431137419573e-01,4.576416617470562831e-01,7.647757808931428258e-02,2.808710771771474324e-01,4.211079930313552100e-01,9.409075193031535278e-02,1.451696715288402495e-01,4.823330653100302290e-01,2.271622233986139439e-01,5.463537281782444577e-01,5.114248358011368456e-01,4.664751590899203770e-01,5.000298460245694576e-01,2.724486495074418535e-01,1.313928164575940416e-01,5.414923486417098086e-01,1.468288197513226978e-01,3.208894280096180607e-01,4.078582643184068823e-01,-1.412153430322434233e-01,4.273058789651251743e-01,6.026646456896105342e-01,4.325291024165063558e-02,-4.588625639188158994e-02,1.463382479094216815e-01,-2.159050324310801683e-01,5.727332315109189276e-01,3.804043626528700317e-01,-7.091402266231955354e-02,-7.888985029352314771e-02,6.824362683971986476e-02,2.930422429216716362e-01
4.888271518099937540e-01,3.385493024146423724e-01,3.096667394245261606e-01,8.698610303224624252e-02,2.581532797043792349e-01,-7.819173316481371760e-02,1.000000000000000000e+00,1.170561081369659098e-02,-1.573477903535143163e-01,6.936309987858572945e-02,3.327395169200752512e-01,-2.248567104933088812e-01,1.731775129389991896e-01,2.932663543468921330e-01,-1.004889803907042106e-01,1.335510713121787207e-01,-1.888485838984746423e-01,-2.381611584576286689e-01,-3.526347384564701426e-02,-1.756043545286305463e-01,-5.544357509936679446e-03,4.156759126539288918e-01,-2.433967884940663878e-02,2.323840439237407351e-01,2.606625495045428731e-01,-2.827006565779272007e-01,4.600216976619511677e-01,-2.090970438831133149e-01,-4.114131066235505174e-01,-3.192894636056108071e-02,5.331997603156919396e-01,4.224678876110987136e-01,3.079709656696841824e-01,-2.280705638141976299e-01,-5.003267277908831634e-01,-1.671509167078525510e-02,2.129019526948258967e-01,1.385848382075588470e-01,-4.398372600174406122e-01
1.292433311247862815e-01,-1.603212129576483402e-01,-4.362648190122843661e-01,-3.474493039532235931e-03,6.421281600220307695e-02,2.289550431137419573e-01,1.170561081369659098e-02,1.000000000000000000e+00,1.749291549877963203e-01,1.758193611563413014e-02,1.196011970685044723e-01,-8.542817417967221716e-02,2.641466846705411431e-01,1.404684163532599339e-01,1.712733877824524076e-01,9.701924855778078227e-02,1.869515104880870027e-01,1.736418989171834848e-01,2.983078943251977200e-01,3.753410740664462342e-01,5.846375644094802260e-01,5.663097798327810795e-01,1.346811688383106886e-01,5.057824051352800311e-03,9.255582414830224036e-02,1.339858642357025786e-01,1.203614242212573682e-02,1.150648002226721256e-01,1.137533569761276508e-01,1.071462094917802199e-01,9.317414621406602815e-02,1.800432230539945888e-01,2.400678528416912705e-01,2.167232602167225575e-01,1.025816886363096992e-03,7.898515614771811633e-02,-2.589916160272116852e-02,2.138493199918698462e-01,1.118058440849143687e-01
1.116581626744085204e-01,1.401587008949285208e-02,1.203890798789573890e-01,3.476014873002737926e-01,3.677761236907830522e-01,4.576416617470562831e-01,-1.573477903535143163e-01,1.749291549877963203e-01,1.000000000000000000e+00,1.553770696662973017e-01,2.246980418357630988e-02,4.654238961948710118e-01,1.492400482602874168e-01,1.603954171408167317e-01,6.075441564572303665e-01,2.827344973548839291e-01,3.454651188394143313e-01,4.834669067742810022e-01,2.897200168262988318e-01,2.696225695833246450e-01,2.027872770051588891e-01,1.127155688408386196e-02,3.837070258002764911e-01,7.004591242012007946e-02,1.192183482966265307e-01,5.677645283375523100e-01,9.710742739390368361e-02,4.276365492327143247e-01,4.482911430930547336e-01,1.061533826756283910e-01,-1.558775670113405065e-01,-4.517333494099681074e-02,-4.525803321386531741e-02,5.664296421750240063e-01,3.107675169858494790e-01,1.395747987715552918e-01,-5.838804573387132435e-02,1.985753381825479669e-01,4.314949028418332833e-01
1.067643023275208387e-02,3.288039412845818465e-01,5.843413192937415429e-02,1.104607878648281721e-01,1.117803845603576318e-01,7.647757808931428258e-02,6.936309987858572945e-02,1.758193611563413014e-02,1.553770696662973017e-01,1.000000000000000000e+00,-1.556326367341299144e-01,2.668717537178355581e-01,2.493965748790877845e-01,-4.296706082814788497e-02,2.388151419752797266e-01,7.057254710319615931e-01,9.937589531149342015e-02,-6.814388712023940198e-02,-1.225606518632635228e-01,6.498181902678193400e-02,1.316111356842995517e-01,9.641358943279148414e-03,1.153686180761414187e-01,-1.795555469835426882e-02,2.232517187842890660e-01,2.161277561345630038e-01,-3.136258653750386566e-02,2.535232861858287001e-01,8.490009734871480085e-02,5.116767581973139523e-01,-2.884641074497881763e-02,1.863707361097909077e-02,6.743925512257976929e-02,2.915557625017493604e-01,1.396020068755423893e-01,1.433002893908182362e-01,1.007795018796311080e-02,-1.104642783082671331e-01,1.814364221629643781e-01
3.893899790334728883e-01,-2.848099094906987247e-02,3.827104673439734456e-02,-1.650932258531861638e-03,-4.998726913371844688e-02,2.808710771771474324e-01,3.327395169200752512e-01,1.196011970685044723e-01,2.246980418357630988e-02,-1.556326367341299144e-01,1.000000000000000000e+00,-2.020280093113226705e-01,-6.053731127984245813e-02,2.864688851784989443e-01,2.447326486207734766e-03,5.597746941721577080e-02,3.243543805223761956e-01,-3.934174517770036572e-02,1.618119415045193299e-01,-2.692341593120090720e-02,-6.851540728463682839e-02,2.126532947629910519e-01,4.411671332211530849e-01,5.193114924772608276e-01,5.793713312180149844e-01,-1.940527556153069377e-01,1.377292978886519859e-01,-2.713492573879460190e-01,8.428926517874446881e-04,-1.227006969089295546e-01,3.095515109624092376e-01,6.286108635973191028e-01,3.182297199700339502e-02,-1.319786891407415397e-01,-1.717057752914284696e-01,-1.607512315047942425e-02,4.061214205488793416e-01,2.948383505907856694e-01,-3.148719971665565054e-01
-2.017825486710889127e-01,1.130399818661820821e-01,1.908657387951094853e-01,3.378541635683304789e-01,3.901830189770466029e-01,4.211079930313552100e-01,-2.248567104933088812e-01,-8.542817417967221716e-02,4.654238961948710118e-01,2.668717537178355581e-01,-2.020280093113226705e-01,1.000000000000000000e+00,1.006937890178906392e-01,-1.027164152632232264e-01,6.032631413462568037e-01,2.526339179987453498e-01,2.824832718708432666e-01,4.374429993062514677e-01,3.060780771695129077e-01,3.493877929612641542e-01,1.714779172516593397e-01,-1.323692043002013541e-01,1.941342409755048848e-01,-1.099532449144533935e-01,2.101112077355963767e-02,4.587706985829539397e-01,-1.528426331516064274e-01,5.399578534824637233e-01,5.307433308829662133e-01,6.506393967200589656e-02,-2.570226000651358866e-01,-1.953515633962388254e-01,-3.682458539195871960e-01,6.589853333620181441e-01,4.325506741072325800e-01,-1.154454276130850582e-01,-2.334935193802785414e-01,-1.411537283177863866e-01,6.568528688449938313e-01
2.822915981299046195e-01,2.180025107724175293e-01,5.496600588267635396e-02,1.689895351461216388e-01,1.783565452557558939e-01,9.409075193031535278e-02,1.731775129389991896e-01,2.641466846705411431e-01,1.492400482602874168e-01,2.493965748790877845e-01,-6.053731127984245813e-02,1.006937890178906392e-01,1.000000000000000000e+00,2.591292838585020908e-01,2.495035386482329920e-01,2.833624536577915576e-01,4.316569222472500800e-02,5.692701979776584875e-02,-4.094487019370445652e-02,5.015706513652054555e-02,1.775736432130161635e-01,3.474528887301016611e-01,4.768299053854299641e-02,-1.795574983820748607e-02,-7.641788109477505239e-03,1.457236186628053654e-01,2.085826520806997320e-01,1.533600754040022052e-01,8.478596428443910260e-02,1.541587163963629437e-01,4.432942168094074903e-02,1.353202467372285611e-01,1.147145547199574650e-01,1.429981441732316172e-01,1.387102611708283251e-01,-5.743527306899638522e-03,8.147092056243525338e-02,1.405184413778892139e-01,-3.171340406333966072e-04
4.641786978258968799e-01,1.632612958935595604e-01,1.210114407119068369e-01,6.628795312052335187e-02,1.009667984930713719e-01,1.451696715288402495e-01,2.932663543468921330e-01,1.404684163532599339e-01,1.603954171408167317e-01,-4.296706082814788497e-02,2.864688851784989443e-01,-1.027164152632232264e-01,2.591292838585020908e-01,1.000000000000000000e+00,9.609546760598398907e-02,1.073018759099693131e-01,1.293733336583274274e-01,-3.886009480884588391e-02,4.217306962749587523e-02,-2.217501624720724998e-02,9.025797111017218322e-02,2.945556866398366114e-01,1.765222634582893080e-01,3.084037966652126150e-01,1.683975075109584718e-01,1.799559950804325847e-01,4.590578358660155622e-01,6.896535761612518356e-02,3.060144709234640520e-02,-1.316900208609352585e-01,3.742238126069439286e-01,3.654768725205724822e-01,1.535516542802171092e-01,-1.037817168634001946e-01,5.345715333076690029e-02,1.520158907337442467e-01,3.740943918636696619e-01,4.222062523383758870e-01,-7.193445274439067005e-02
9.906938579691383640e-02,-1.883124664874705548e-02,1.535680264817926022e-01,3.629010460347376621e-01,4.051174494625712219e-01,4.823330653100302290e-01,-1.004889803907042106e-01,1.712733877824524076e-01,6.075441564572303665e-01,2.388151419752797266e-01,2.447326486207734766e-03,6.032631413462568037e-01,2.495035386482329920e-01,9.609546760598398907e-02,1.000000000000000000e+00,4.301171606762388966e-01,4.254328255241751622e-01,5.527777733466111565e-01,3.718442052248193685e-01,4.264355304364056409e-01,3.174350108690227601e-01,1.256659036882030733e-01,4.136140902681427201e-01,5.409114716753891244e-02,1.182159585400787000e-01,4.412318296653574556e-01,-1.184797359074639227e-02,5.736152961672879025e-01,5.652591668959580096e-01,1.044419836551743475e-01,-8.715210874018780585e-02,1.868529047050061787e-02,-2.023420049543832311e-01,6.743102465690326008e-01,3.480662382603969540e-01,-7.666122951083520487e-02,-1.118980457116826449e-01,2.391811267529209140e-01,4.650372518009864842e-01
1.698083809504869202e-01,1.301699955730984959e-01,6.932565947138992490e-02,1.125349203141300658e-01,7.310145316045620068e-02,2.271622233986139439e-01,1.335510713121787207e-01,9.701924855778078227e-02,2.827344973548839291e-01,7.057254710319615931e-01,5.597746941721577080e-02,2.526339179987453498e-01,2.833624536577915576e-01,1.073018759099693131e-01,4.301171606762388966e-01,1.000000000000000000e+00,2.261907072043886913e-01,3.912119310279062179e-02,5.508986922961514078e-03,1.186373225687341465e-01,1.767861296219311595e-01,8.835794369151789285e-02,3.837778174235522699e-01,1.866619480134266706e-01,3.593216249881772684e-01,2.565452880570368022e-01,7.611246065396087834e-02,3.028253112459424745e-01,2.102379076383583678e-01,5.888013568788447172e-01,5.953963201483297718e-02,1.732383804794373483e-01,3.025370208200656857e-02,2.669752319554964948e-01,1.727615278322864323e-01,1.934150608432277929e-01,7.042022174776399468e-02,1.560322860418132951e-01,1.442747981361450771e-01
5.264181744441365218e-02,-2.010091862684234842e-01,-9.174750682538392044e-02,3.487125758832754219e-01,2.186792478058268985e-01,5.463537281782444577e-01,-1.888485838984746423e-01,1.869515104880870027e-01,3.454651188394143313e-01,9.937589531149342015e-02,3.243543805223761956e-01,2.824832718708432666e-01,4.316569222472500800e-02,1.293733336583274274e-01,4.254328255241751622e-01,2.261907072043886913e-01,1.000000000000000000e+00,4.116309109177007097e-01,1.999475451730474418e-01,4.413412228608171728e-01,2.573963490892296480e-01,-2.442423089290689242e-02,6.047913145920911226e-01,2.098550150941262959e-01,2.130858981653864226e-01,4.056057515189050444e-01,-2.893201522637718348e-01,3.947468041274719841e-01,6.920592327177652603e-01,6.954145817688703324e-02,-2.009632945142101612e-01,1.598747013699094444e-01,-2.454635159606503025e-01,3.887996162368986819e-01,4.379242751146883439e-01,-1.736754348313377383e-01,-1.562502050961565858e-02,-1.736778256344305611e-03,2.039203248617975639e-01
-1.286296219595883805e-01,-2.918070834608966213e-01,6.605216157531366983e-02,4.560725934447323882e-01,4.306639152587981023e-01,5.114248358011368456e-01,-2.381611584576286689e-01,1.736418989171834848e-01,4.834669067742810022e-01,-6.814388712023940198e-02,-3.934174517770036572e-02,4.374429993062514677e-01,5.692701979776584875e-02,-3.886009480884588391e-02,5.527777733466111565e-01,3.912119310279062179e-02,4.116309109177007097e-01,1.000000000000000000e+00,5.647126465830220043e-01,5.630144772889577043e-01,3.125130320431212527e-01,4.437468475110392663e-02,2.897623436825216281e-01,-1.681766445286772271e-01,-1.162692913802332445e-01,4.603708862712163064e-01,-1.758017152643801262e-01,4.780939754447725010e-01,5.588243771116834235e-01,2.299849610236582090e-02,-2.505525901114748488e-01,-1.295416570616303442e-01,-1.755468625632534974e-01,5.637229694567620353e-01,3.553703438303888462e-01,-2.436868618143943066e-01,-2.890512830244197917e-01,-3.275251232259265149e-02,3.683013016017713248e-01
-7.967686713988197944e-02,-2.965217555803492666e-01,8.863969890230029292e-02,7.987232984017555992e-02,2.508685590067307181e-01,4.664751590899203770e-01,-3.526347384564701426e-02,2.983078943251977200e-01,2.897200168262988318e-01,-1.225606518632635228e-01,1.618119415045193299e-01,3.060780771695129077e-01,-4.094487019370445652e-02,4.217306962749587523e-02,3.718442052248193685e-01,5.508986922961514078e-03,1.999475451730474418e-01,5.647126465830220043e-01,1.000000000000000000e+00,5.821092866184618408e-01,3.835443604904806292e-01,3.437661186327143348e-01,1.620438573724031217e-01,-5.489391947003253308e-02,8.288596938088590993e-02,2.053092185875510789e-01,-4.292877744721559224e-02,2.255404834224787602e-01,3.151125525677850314e-01,-5.772802352217337035e-02,-6.171078071638106538e-02,1.104912058898686600e-01,-2.047621621745090437e-01,4.744460321217533472e-01,1.367671002251357459e-01,-1.999851586292136496e-01,-1.328631845264857392e-01,2.162735904532326822e-02,2.309835400512254555e-01
-2.100445855102164583e-01,-3.206300638597703312e-01,1.605388872658826405e-02,3.032301455086601760e-01,3.526473578168543010e-01,5.000298460245694576e-01,-1.756043545286305463e-01,3.753410740664462342e-01,2.696225695833246450e-01,6.498181902678193400e-02,-2.692341593120090720e-02,3.493877929612641542e-01,5.015706513652054555e-02,-2.217501624720724998e-02,4.264355304364056409e-01,1.186373225687341465e-01,4.413412228608171728e-01,5.630144772889577043e-01,5.821092866184618408e-01,1.000000000000000000e+00,6.741681801424889153e-01,3.952631441981471205e-01,2.032633218113403528e-01,-2.244805845282064338e-01,-7.717497940096278153e-02,4.683367468224266528e-01,-2.031005307977456764e-01,6.042005200980467006e-01,5.423939846796358433e-01,9.162715080628741626e-02,-1.626302776646371129e-01,-6.357013435598649065e-02,-1.636053685170995448e-02,5.928250567215460620e-01,3.622831375944077781e-01,-2.122576306579293248e-01,-3.436150688739430525e-01,-1.200854590525310128e-01,3.836220026564764463e-01
-6.934648015962543988e-02,-1.868741294376957407e-01,-1.116070784265323773e-01,1.220662858487097796e-01,2.373771491335029959e-01,2.724486495074418535e-01,-5.544357509936679446e-03,5.846375644094802260e-01,2.027872770051588891e-01,1.316111356842995517e-01,-6.851540728463682839e-02,1.714779172516593397e-01,1.775736432130161635e-01,9.025797111017218322e-02,3.174350108690227601e-01,1.767861296219311595e-01,2.573963490892296480e-01,3.125130320431212527e-01,3.835443604904806292e-01,6.741681801424889153e-01,1.000000000000000000e+00,5.173599422310283247e-01,1.350644341553766115e-01,-1.233596930158090549e-01,-2.489777526018473880e-02,3.746332865075668872e-01,4.500659050741966094e-02,4.696491950833865947e-01,3.230001339670441896e-01,1.014467059925631548e-01,4.802784284720660289e-03,8.674863660271296684e-02,2.449307311060179848e-01,4.096653870083517002e-01,1.859233419465507742e-01,-5.651701521170160274e-03,-1.529321558134086045e-01,2.322792109124349746e-02,3.018917902567357370e-01
3.206187841667036964e-01,6.548973405250688162e-02,1.467970535628579029e-02,-5.366065238372175888e-02,1.666600436012732889e-01,1.313928164575940416e-01,4.156759126539288918e-01,5.663097798327810795e-01,1.127155688408386196e-02,9.641358943279148414e-03,2.126532947629910519e-01,-1.323692043002013541e-01,3.474528887301016611e-01,2.945556866398366114e-01,1.256659036882030733e-01,8.835794369151789285e-02,-2.442423089290689242e-02,4.437468475110392663e-02,3.437661186327143348e-01,3.952631441981471205e-01,5.173599422310283247e-01,1.000000000000000000e+00,1.896515731043678030e-02,5.157684447787826837e-02,8.950606595374806240e-02,-1.882853534473808224e-02,3.672546498050017760e-01,3.322639087865585095e-02,-8.886356154403711460e-02,-5.843013152205873278e-02,4.091325724529266683e-01,3.717830402836959647e-01,3.883927447868968375e-01,7.999220009795456054e-02,-1.476639059989975078e-01,-3.779728339457134878e-02,6.341159561636934561e-02,2.719674319110225169e-01,-3.183572274160107601e-02
3.073488064264269792e-01,-7.542559102247743674e-02,4.657807651288409928e-02,1.868197890582261322e-01,1.085385816039364237e-01,5.414923486417098086e-01,-2.433967884940663878e-02,1.346811688383106886e-01,3.837070258002764911e-01,1.153686180761414187e-01,4.411671332211530849e-01,1.941342409755048848e-01,4.768299053854299641e-02,1.765222634582893080e-01,4.136140902681427201e-01,3.837778174235522699e-01,6.047913145920911226e-01,2.897623436825216281e-01,1.620438573724031217e-01,2.032633218113403528e-01,1.350644341553766115e-01,1.896515731043678030e-02,1.000000000000000000e+00,5.726433668653641007e-01,6.074561354985493766e-01,2.661215713491079660e-01,-7.631698092828617663e-02,1.670236075983455026e-01,4.956597955038022363e-01,5.998264603582845189e-02,1.706794068572224307e-02,3.148233759220574468e-01,-1.051118742092578412e-01,2.329866055197140073e-01,3.465770570380831694e-01,7.398086035035850161e-02,2.152565569923440281e-01,2.754641384494633805e-01,1.150646553328643074e-01
4.282443438587488216e-01,8.441074002521889441e-02,1.353239386079175821e-01,-1.256301394096122903e-01,-1.052113320898820925e-01,1.468288197513226978e-01,2.323840439237407351e-01,5.057824051352800311e-03,7.004591242012007946e-02,-1.795555469835426882e-02,5.193114924772608276e-01,-1.099532449144533935e-01,-1.795574983820748607e-02,3.084037966652126150e-01,5.409114716753891244e-02,1.866619480134266706e-01,2.098550150941262959e-01,-1.681766445286772271e-01,-5.489391947003253308e-02,-2.244805845282064338e-01,-1.233596930158090549e-01,5.157684447787826837e-02,5.726433668653641007e-01,1.000000000000000000e+00,6.108773838640982889e-01,-1.441015905628020566e-01,1.652740921656694617e-01,-2.695020573186503454e-01,-3.309850963843877919e-02,-1.272599749494021659e-01,2.829866371031714012e-01,4.395394418526798463e-01,3.971191957012538964e-02,-1.962295932057362691e-01,-7.122031285877566953e-02,7.907239502888259441e-02,4.340626926448617473e-01,3.544081728448851276e-01,-1.963323904286566057e-01
3.055376662959873313e-01,1.583490749326589564e-01,1.019675817510579674e-01,-7.584453012976456743e-02,-4.536289962271214393e-02,3.208894280096180607e-01,2.606625495045428731e-01,9.255582414830224036e-02,1.192183482966265307e-01,2.232517187842890660e-01,5.793713312180149844e-01,2.101112077355963767e-02,-7.641788109477505239e-03,1.683975075109584718e-01,1.182159585400787000e-01,3.593216249881772684e-01,2.130858981653864226e-01,-1.162692913802332445e-01,8.288596938088590993e-02,-7.717497940096278153e-02,-2.489777526018473880e-02,8.950606595374806240e-02,6.074561354985493766e-01,6.108773838640982889e-01,1.000000000000000000e+00,-7.036950537882949441e-02,8.781808161523385614e-02,-1.556528757507485983e-01,4.004261487455686164e-02,7.653270392616969009e-02,2.372261348999824826e-01,5.022088896686485171e-01,-1.849558539671040946e-02,4.940195007075784926e-03,9.135063897775481251e-03,2.510024027682064007e-01,5.047439654046548263e-01,1.566847460723571617e-01,-1.560184200250233355e-01
-4.547802775563254685e-02,-7.371046266677280800e-02,1.222429113511793938e-02,3.745916071745804543e-01,3.021571694004698272e-01,4.078582643184068823e-01,-2.827006565779272007e-01,1.339858642357025786e-01,5.677645283375523100e-01,2.161277561345630038e-01,-1.940527556153069377e-01,4.587706985829539397e-01,1.457236186628053654e-01,1.799559950804325847e-01,4.412318296653574556e-01,2.565452880570368022e-01,4.056057515189050444e-01,4.603708862712163064e-01,2.053092185875510789e-01,4.683367468224266528e-01,3.746332865075668872e-01,-1.882853534473808224e-02,2.661215713491079660e-01,-1.441015905628020566e-01,-7.036950537882949441e-02,1.000000000000000000e+00,2.037980214175971749e-02,6.854701963557445765e-01,5.763506210440341171e-01,1.342988101004269075e-01,-2.861358573405326511e-01,-1.878032140769277103e-01,3.246296502901836138e-03,5.153526071905932815e-01,5.719611458654327851e-01,7.321968892888187919e-02,-1.657872167963655996e-01,3.198991902088353656e-02,5.192107695037186943e-01
3.775219523954861378e-01,2.459350702735322858e-01,2.207202530841502752e-01,-1.421971319022306002e-01,-4.434698436949095768e-02,-1.412153430322434233e-01,4.600216976619511677e-01,1.203614242212573682e-02,9.710742739390368361e-02,-3.136258653750386566e-02,1.377292978886519859e-01,-1.528426331516064274e-01,2.085826520806997320e-01,4.590578358660155622e-01,-1.184797359074639227e-02,7.611246065396087834e-02,-2.893201522637718348e-01,-1.758017152643801262e-01,-4.292877744721559224e-02,-2.031005307977456764e-01,4.500659050741966094e-02,3.672546498050017760e-01,-7.631698092828617663e-02,1.652740921656694617e-01,8.781808161523385614e-02,2.037980214175971749e-02,1.000000000000000000e+00,-1.481728724939619934e-01,-2.953456914688918911e-01,-1.008108277760363242e-01,5.407377925970519028e-01,3.580479103316105416e-01,3.433326416234289691e-01,-2.520010135842878918e-01,-2.258631418783931810e-01,3.018069211309625244e-01,4.618577475482468775e-01,4.281254219703228836e-01,-7.082378137407066565e-02
-1.780766428432057624e-01,-1.420295503813011895e-01,7.568661450944326463e-02,5.124381150369149429e-01,4.048311032580008684e-01,4.273058789651251743e-01,-2.090970438831133149e-01,1.150648002226721256e-01,4.276365492327143247e-01,2.535232861858287001e-01,-2.713492573879460190e-01,5.399578534824637233e-01,1.533600754040022052e-01,6.896535761612518356e-02,5.736152961672879025e-01,3.028253112459424745e-01,3.947468041274719841e-01,4.780939754447725010e-01,2.255404834224787602e-01,6.042005200980467006e-01,4.696491950833865947e-01,3.322639087865585095e-02,1.670236075983455026e-01,-2.695020573186503454e-01,-1.556528757507485983e-01,6.854701963557445765e-01,-1.481728724939619934e-01,1.000000000000000000e+00,6.418620579984724017e-01,1.936830320695874241e-01,-1.941365558455228901e-01,-1.830249080019810404e-01,-6.255955171255073166e-02,6.357011770806632045e-01,4.937576076404904257e-01,-1.039930754776757366e-01,-3.507423983857057559e-01,-3.229443077213474400e-02,4.946718561957775262e-01
-1.470870603210795435e-01,-2.586397122243432323e-01,-4.982449509850605390e-02,3.750816828701973304e-01,2.111266212493469463e-01,6.026646456896105342e-01,-4.114131066235505174e-01,1.137533569761276508e-01,4.482911430930547336e-01,8.490009734871480085e-02,8.428926517874446881e-04,5.307433308829662133e-01,8.478596428443910260e-02,3.060144709234640520e-02,5.652591668959580096e-01,2.102379076383583678e-01,6.920592327177652603e-01,5.588243771116834235e-01,3.151125525677850314e-01,5.423939846796358433e-01,3.230001339670441896e-01,-8.886356154403711460e-02,4.956597955038022363e-01,-3.309850963843877919e-02,4.004261487455686164e-02,5.763506210440341171e-01,-2.953456914688918911e-01,6.418620579984724017e-01,1.000000000000000000e+00,7.729333828281038932e-02,-3.317716857926178986e-01,-1.984887060542593964e-02,-3.152632648855234199e-01,5.732903928224435397e-01,6.834582588301835182e-01,-1.126551652833848866e-01,-1.269110125056612526e-01,-2.103296023724291613e-02,4.768721211948128147e-01
-1.804198744390402287e-01,-1.269512940035645021e-01,-1.092356871185327649e-01,6.995200228388578911e-02,-1.439025503691715169e-01,4.325291024165063558e-02,-3.192894636056108071e-02,1.071462094917802199e-01,1.061533826756283910e-01,5.116767581973139523e-01,-1.227006969089295546e-01,6.506393967200589656e-02,1.541587163963629437e-01,-1.316900208609352585e-01,1.044419836551743475e-01,5.888013568788447172e-01,6.954145817688703324e-02,2.299849610236582090e-02,-5.772802352217337035e-02,9.162715080628741626e-02,1.014467059925631548e-01,-5.843013152205873278e-02,5.998264603582845189e-02,-1.272599749494021659e-01,7.653270392616969009e-02,1.342988101004269075e-01,-1.008108277760363242e-01,1.936830320695874241e-01,7.729333828281038932e-02,1.000000000000000000e+00,-6.222702439229572946e-02,-6.318361734054296630e-02,3.174302141529272009e-02,7.909996368516941656e-02,1.029837760692123155e-01,1.426963903533928768e-01,-6.885829467613001353e-02,-1.416612446836573724e-01,4.597594481275094069e-02
3.819946986601749361e-01,2.254373988542544838e-01,1.179078824990213714e-01,-7.960881067269687250e-02,-1.886562311080069651e-02,-4.588625639188158994e-02,5.331997603156919396e-01,9.317414621406602815e-02,-1.558775670113405065e-01,-2.884641074497881763e-02,3.095515109624092376e-01,-2.570226000651358866e-01,4.432942168094074903e-02,3.742238126069439286e-01,-8.715210874018780585e-02,5.953963201483297718e-02,-2.009632945142101612e-01,-2.505525901114748488e-01,-6.171078071638106538e-02,-1.626302776646371129e-01,4.802784284720660289e-03,4.091325724529266683e-01,1.706794068572224307e-02,2.829866371031714012e-01,2.372261348999824826e-01,-2.861358573405326511e-01,5.407377925970519028e-01,-1.941365558455228901e-01,-3.317716857926178986e-01,-6.222702439229572946e-02,1.000000000000000000e+00,4.785766420654238851e-01,2.472551572312285673e-01,-2.793512371062976674e-01,-3.534416797271669464e-01,1.193323174104446716e-01,3.531875478082901476e-01,3.765444040681680815e-01,-2.177437642404885521e-01
4.369566388122062550e-01,1.525150962542494715e-01,-2.095347432424210510e-02,-1.090368034422272703e-01,-9.271257505648702879e-02,1.463382479094216815e-01,4.224678876110987136e-01,1.800432230539945888e-01,-4.517333494099681074e-02,1.863707361097909077e-02,6.286108635973191028e-01,-1.953515633962388254e-01,1.353202467372285611e-01,3.654768725205724822e-01,1.868529047050061787e-02,1.732383804794373483e-01,1.598747013699094444e-01,-1.295416570616303442e-01,1.104912058898686600e-01,-6.357013435598649065e-02,8.674863660271296684e-02,3.717830402836959647e-01,3.148233759220574468e-01,4.395394418526798463e-01,5.022088896686485171e-01,-1.878032140769277103e-01,3.580479103316105416e-01,-1.830249080019810404e-01,-1.984887060542593964e-02,-6.318361734054296630e-02,4.785766420654238851e-01,1.000000000000000000e+00,6.665002682996228056e-02,-1.667822127418271128e-01,-1.588387381075771487e-01,9.826740627364305425e-02,5.409043886537044932e-01,3.341438621316753510e-01,-2.258926234241864506e-01
2.279299004731396572e-01,9.989520846446951763e-02,5.571800624110927885e-02,-5.553060086611506102e-02,-2.207519597131752179e-02,-2.159050324310801683e-01,3.079709656696841824e-01,2.400678528416912705e-01,-4.525803321386531741e-02,6.743925512257976929e-02,3.182297199700339502e-02,-3.682458539195871960e-01,1.147145547199574650e-01,1.535516542802171092e-01,-2.023420049543832311e-01,3.025370208200656857e-02,-2.454635159606503025e-01,-1.755468625632534974e-01,-2.047621621745090437e-01,-1.636053685170995448e-02,2.449307311060179848e-01,3.883927447868968375e-01,-1.051118742092578412e-01,3.971191957012538964e-02,-1.849558539671040946e-02,3.246296502901836138e-03,3.433326416234289691e-01,-6.255955171255073166e-02,-3.152632648855234199e-01,3.174302141529272009e-02,2.472551572312285673e-01,6.665002682996228056e-02,1.000000000000000000e+00,-2.394983973964970869e-01,-2.287987960138617993e-01,1.957737001861306336e-01,6.644158845895625776e-02,1.910545198725427107e-01,-2.181791583461359929e-01
-1.558226096948741590e-01,-3.827617163695514607e-02,1.184110844207501012e-01,4.358057866240808154e-01,5.445042004957391102e-01,5.727332315109189276e-01,-2.280705638141976299e-01,2.167232602167225575e-01,5.664296421750240063e-01,2.915557625017493604e-01,-1.319786891407415397e-01,6.589853333620181441e-01,1.429981441732316172e-01,-1.037817168634001946e-01,6.743102465690326008e-01,2.669752319554964948e-01,3.887996162368986819e-01,5.637229694567620353e-01,4.744460321217533472e-01,5.928250567215460620e-01,4.096653870083517002e-01,7.999220009795456054e-02,2.329866055197140073e-01,-1.962295932057362691e-01,4.940195007075784926e-03,5.153526071905932815e-01,-2.520010135842878918e-01,6.357011770806632045e-01,5.732903928224435397e-01,7.909996368516941656e-02,-2.793512371062976674e-01,-1.667822127418271128e-01,-2.394983973964970869e-01,1.000000000000000000e+00,4.034495810362511703e-01,-2.122948009069784980e-01,-3.585332237488290663e-01,-1.129366667495339122e-01,5.343533597625119702e-01
-2.573926536933493492e-01,-1.862367831394772244e-01,-6.824572083362104302e-02,1.400785654989755435e-01,6.912626055988746465e-02,3.804043626528700317e-01,-5.003267277908831634e-01,1.025816886363096992e-03,3.107675169858494790e-01,1.396020068755423893e-01,-1.717057752914284696e-01,4.325506741072325800e-01,1.387102611708283251e-01,5.345715333076690029e-02,3.480662382603969540e-01,1.727615278322864323e-01,4.379242751146883439e-01,3.553703438303888462e-01,1.367671002251357459e-01,3.622831375944077781e-01,1.859233419465507742e-01,-1.476639059989975078e-01,3.465770570380831694e-01,-7.122031285877566953e-02,9.135063897775481251e-03,5.719611458654327851e-01,-2.258631418783931810e-01,4.937576076404904257e-01,6.834582588301835182e-01,1.029837760692123155e-01,-3.534416797271669464e-01,-1.588387381075771487e-01,-2.287987960138617993e-01,4.034495810362511703e-01,1.000000000000000000e+00,1.262829219364559712e-02,6.490933062098129536e-03,-1.272381869877976523e-01,4.776741032985614144e-01
8.874703923547208606e-02,7.069937441445543758e-02,-9.874664499880776714e-02,-1.984266316001246366e-01,-2.666932004887798136e-01,-7.091402266231955354e-02,-1.671509167078525510e-02,7.898515614771811633e-02,1.395747987715552918e-01,1.433002893908182362e-01,-1.607512315047942425e-02,-1.154454276130850582e-01,-5.743527306899638522e-03,1.520158907337442467e-01,-7.666122951083520487e-02,1.934150608432277929e-01,-1.736754348313377383e-01,-2.436868618143943066e-01,-1.999851586292136496e-01,-2.122576306579293248e-01,-5.651701521170160274e-03,-3.779728339457134878e-02,7.398086035035850161e-02,7.907239502888259441e-02,2.510024027682064007e-01,7.321968892888187919e-02,3.018069211309625244e-01,-1.039930754776757366e-01,-1.126551652833848866e-01,1.426963903533928768e-01,1.193323174104446716e-01,9.826740627364305425e-02,1.957737001861306336e-01,-2.122948009069784980e-01,1.262829219364559712e-02,1.000000000000000000e+00,3.636618820764711546e-01,1.464913178479320399e-01,-1.611024706561964628e-02
2.347334971871760656e-01,1.751823257494932173e-01,1.018684591888384915e-02,-2.912935116273052683e-01,-3.087507956265138076e-01,-7.888985029352314771e-02,2.129019526948258967e-01,-2.589916160272116852e-02,-5.838804573387132435e-02,1.007795018796311080e-02,4.061214205488793416e-01,-2.334935193802785414e-01,8.147092056243525338e-02,3.740943918636696619e-01,-1.118980457116826449e-01,7.042022174776399468e-02,-1.562502050961565858e-02,-2.890512830244197917e-01,-1.328631845264857392e-01,-3.436150688739430525e-01,-1.529321558134086045e-01,6.341159561636934561e-02,2.152565569923440281e-01,4.340626926448617473e-01,5.047439654046548263e-01,-1.657872167963655996e-01,4.618577475482468775e-01,-3.507423983857057559e-01,-1.269110125056612526e-01,-6.885829467613001353e-02,3.531875478082901476e-01,5.409043886537044932e-01,6.644158845895625776e-02,-3.585332237488290663e-01,6.490933062098129536e-03,3.636618820764711546e-01,1.000000000000000000e+00,2.150327886166581437e-01,-2.227470288760889650e-01
5.868512277241850761e-01,5.686516903855858007e-02,-5.703432612132566110e-02,-1.077856303890905969e-02,-1.572361217887224827e-01,6.824362683971986476e-02,1.385848382075588470e-01,2.138493199918698462e-01,1.985753381825479669e-01,-1.104642783082671331e-01,2.948383505907856694e-01,-1.411537283177863866e-01,1.405184413778892139e-01,4.222062523383758870e-01,2.391811267529209140e-01,1.560322860418132951e-01,-1.736778256344305611e-03,-3.275251232259265149e-02,2.162735904532326822e-02,-1.200854590525310128e-01,2.322792109124349746e-02,2.719674319110225169e-01,2.754641384494633805e-01,3.544081728448851276e-01,1.566847460723571617e-01,3.198991902088353656e-02,4.281254219703228836e-01,-3.229443077213474400e-02,-2.103296023724291613e-02,-1.416612446836573724e-01,3.765444040681680815e-01,3.341438621316753510e-01,1.910545198725427107e-01,-1.129366667495339122e-01,-1.272381869877976523e-01,1.464913178479320399e-01,2.150327886166581437e-01,1.000000000000000000e+00,5.112520642296906198e-02
-2.787096841562731186e-01,1.003139768065890863e-02,-1.084947448531482506e-01,1.230307836107511349e-01,1.705136622926346490e-01,2.930422429216716362e-01,-4.398372600174406122e-01,1.118058440849143687e-01,4.314949028418332833e-01,1.814364221629643781e-01,-3.148719971665565054e-01,6.568528688449938313e-01,-3.171340406333966072e-04,-7.193445274439067005e-02,4.650372518009864842e-01,1.442747981361450771e-01,2.039203248617975639e-01,3.683013016017713248e-01,2.309835400512254555e-01,3.836220026564764463e-01,3.018917902567357370e-01,-3.183572274160107601e-02,1.150646553328643074e-01,-1.963323904286566057e-01,-1.560184200250233355e-01,5.192107695037186943e-01,-7.082378137407066565e-02,4.946718561957775262e-01,4.768721211948128147e-01,4.597594481275094069e-02,-2.177437642404885521e-01,-2.258926234241864506e-01,-2.181791583461359929e-01,5.343533597625119702e-01,4.776741032985614144e-01,-1.611024706561964628e-02,-2.227470288760889650e-01,5.112520642296906198e-02,1.000000000000000000e+00
