1.000000000000000000e+00,6.691934917587448739e-01,2.259029271393569460e-01,-5.443209111033732450e-02,-1.460667588649987025e-01,-1.439928421565426879e-02,-1.047538630822780481e-01,1.426473406581994612e-02,2.682531507250081049e-01,-9.058869071974413878e-02,-1.566050128514907547e-01,9.961656331035019518e-02,-9.698084044506082024e-02,1.766827605856535199e-01,9.763977324622147291e-02,1.388638763789125929e-01,1.489442674412429224e-01,5.021141960687786759e-02,-9.741634918393236864e-02,1.028196330899288323e-03,1.639654405446722696e-01,-1.163009004846621633e-02,1.706608471199183852e-01,-1.278429000661147202e-02,-1.791803084050966055e-01,2.686008882870710157e-01,2.847008809581983227e-02,1.132927862774939370e-01,1.291926163903364955e-01,-1.263145451050297352e-01,-8.911810418491838970e-02,-1.083577190098167498e-01,9.198994519572277484e-02,-4.210374683634220822e-02,1.711017250667230538e-01,2.668663783234234144e-01,3.994513850374764585e-02,1.348496306739947193e-01,-2.245331603159751027e-02
6.691934917587448739e-01,1.000000000000000000e+00,2.011722816522198698e-01,1.787160771731792219e-01,1.028100557374154317e-01,7.966594327621459928e-03,6.238316253458726229e-02,5.519247723503037384e-02,1.493262558190948663e-01,9.357967804321734584e-02,-1.597743036967662622e-01,3.846107611179379326e-02,1.079152851177645200e-01,2.804694555455201216e-02,1.334518746845211323e-01,1.095905134611735859e-01,-4.807939096667350476e-02,-1.498188454681498305e-01,-6.171710636427798352e-02,-2.947154788294446132e-02,8.137715198129773231e-02,-4.810155961637444660e-02,4.032830688595945984e-02,-5.089491064912701757e-02,-1.249690640475477343e-01,5.834896260580282878e-02,-2.036422903014393007e-02,1.819587161698645594e-01,-1.353110249513914121e-02,7.441706577533614871e-03,7.121237553125366049e-02,1.337654371634022614e-02,1.608455962432702724e-01,3.097414195082183810e-02,-5.718864148975002365e-02,1.102013694256615273e-01,-1.337023364313891516e-01,-2.065708506458685811e-01,-2.430889458204031073e-01
2.259029271393569460e-01,2.011722816522198698e-01,1.000000000000000000e+00,9.881541535988032365e-02,1.030773221363058961e-01,2.014602275796437136e-02,-1.393742687089715993e-01,-1.205160151610002450e-01,4.031619741876084351e-02,-1.321248445167392815e-01,-6.969717789936792640e-02,9.347737080479398553e-02,5.909265524790362212e-02,5.113916928672051360e-02,9.106429573443762526e-02,-5.216457849280323883e-02,2.061830863656201329e-01,-1.396347347011064888e-01,5.303333327145011520e-04,-3.219427332658428287e-02,2.875676081981703436e-01,6.879974785677991922e-02,2.382834302012903915e-01,1.605240309690722511e-01,1.092455414201387760e-02,1.441910672242898150e-01,-5.284264212663955518e-02,1.119142706740909599e-01,-6.338550960675178036e-02,-1.435881077174419075e-02,-8.240771684926580243e-02,-1.542282063751334864e-01,2.354101948359106633e-01,1.207704024485141553e-01,1.912115999506039665e-01,1.473465320159329794e-01,1.119130379114968571e-01,-9.721608914014151503e-02,-1.558386290568115617e-01
-5.443209111033732450e-02,1.787160771731792219e-01,9.881541535988032365e-02,1.000000000000000000e+00,6.533872298275753554e-01,2.145534897762370607e-01,5.659943552183864801e-01,6.797889217472014023e-03,-1.057787469119239182e-01,1.437352580407645075e-01,-1.740123519717857725e-01,-1.458607399302530305e-01,3.715004614203384348e-01,-9.168381724746405004e-02,4.146335289790299694e-02,9.172334105156934592e-02,-1.281277611644059400e-01,-1.283459342259059000e-01,7.573199592785817558e-02,-7.410660207832302053e-03,-2.690632787570350348e-02,2.787526039754225499e-02,1.404224636143936757e-02,-1.365470270983378809e-01,6.076532633849832804e-02,-2.482598425048409552e-01,-7.785975255905634718e-02,2.196993492352871669e-01,-4.017191022554444241e-02,1.244490768781038176e-01,1.946813517803840377e-01,1.738684908509366966e-01,1.320818488029245619e-01,1.184597067724889596e-01,-3.148949251434033925e-01,-2.689843969513340260e-01,-3.580253464180727097e-01,-2.852972029322665692e-01,-2.988743913249244932e-01
-1.460667588649987025e-01,1.028100557374154317e-01,1.030773221363058961e-01,6.533872298275753554e-01,1.000000000000000000e+00,3.778185683149857810e-01,5.404233549114236812e-01,2.526900149339340040e-01,-2.383449380392666656e-02,2.242671424874690400e-01,-1.212026319052326648e-02,-3.987165803096649752e-02,5.507976399707527060e-01,2.405872832709216730e-02,2.775599464729831545e-01,2.078355747610939053e-01,5.672364523048144258e-02,-1.803300274837547901e-01,1.855718624011765960e-01,1.916165259865433845e-01,5.545426285322326010e-02,2.549336607344683259e-01,1.756335188801583513e-01,1.398499197262644510e-02,2.416571890466109873e-01,-1.483046381218320886e-01,-3.213176744649195310e-02,4.343278171854657588e-01,1.925007719353447055e-01,2.272998910611843393e-01,4.444470434606219711e-01,4.308091707605249954e-01,2.520261767539741515e-01,2.573555421057316384e-01,-2.247013926183480115e-01,-1.087263374480044870e-01,-2.651658185496277853e-01,-3.197751720775824369e-01,-2.846479746906711572e-01
-1.439928421565426879e-02,7.966594327621459928e-03,2.014602275796437136e-02,2.145534897762370607e-01,3.778185683149857810e-01,1.000000000000000000e+00,3.908012243124402985e-01,3.636902304091431670e-01,1.991770439932447900e-01,1.680394925192030819e-01,2.410696076693108481e-01,9.062949901696172594e-02,4.044690258916802672e-01,4.678898171954997132e-01,2.079418198504107140e-01,3.288864163208889413e-01,3.533763354721270455e-01,-1.483204219259194045e-01,-1.985962460760032355e-01,2.635278902311913862e-01,1.140873515199195831e-01,3.074803787179191117e-01,5.921309313809538510e-01,3.411223120514310092e-01,4.299554821268873894e-01,8.528512776935320838e-02,4.196088307370808568e-02,4.820055038868515385e-01,3.766150316764783068e-01,1.550490786009068866e-01,4.931073626523655995e-01,4.919837967225962339e-01,1.799751840765161648e-01,1.340111434032822124e-01,1.700433008537453328e-01,1.042155166376561304e-01,1.000736959797920989e-01,-4.491921601381756307e-02,-1.304879888962628409e-01
-1.047538630822780481e-01,6.238316253458726229e-02,-1.393742687089715993e-01,5.659943552183864801e-01,5.404233549114236812e-01,3.908012243124402985e-01,1.000000000000000000e+00,1.877179208998412119e-01,-9.901577630278649012e-02,3.662470141076112906e-01,4.342020618120361053e-02,4.349895947881555341e-02,5.203518279823968751e-01,4.320518487389796158e-02,1.863618047900867380e-01,2.417745026685259035e-01,-6.318627788358209540e-02,3.217722751184667884e-02,1.018252858548661516e-01,1.447589872550484880e-01,-1.066757083651628940e-01,2.091685212130841298e-01,5.969244352748807880e-02,-1.606407120522446164e-01,3.380626249954299389e-01,-2.700485587894704831e-01,-1.669003666216022433e-02,2.042067027099849497e-01,8.701831515211549961e-02,-2.731017862240024685e-02,4.289291220077208200e-01,4.761603024932801187e-01,2.843197319857474620e-02,2.675602657165903620e-01,-3.602779764705917320e-01,-3.113507957294909811e-01,-3.384592256975897384e-01,-1.186601336607523566e-01,-1.716060125785997814e-01
1.426473406581994612e-02,5.519247723503037384e-02,-1.205160151610002450e-01,6.797889217472014023e-03,2.526900149339340040e-01,3.636902304091431670e-01,1.877179208998412119e-01,1.000000000000000000e+00,2.487742833742269954e-01,1.795485672339356131e-01,3.659680632883780538e-01,1.169191865612891623e-01,3.017825545167699408e-01,3.951601097014897368e-01,1.770979424483548059e-01,1.983207102015429046e-01,2.810027496800854840e-01,1.743747543302354708e-01,7.728305880467541134e-02,6.925280296618596676e-01,4.718725968114333424e-01,7.175309172852972761e-01,3.512360788483016583e-01,6.782815180387491427e-02,3.827619418753244740e-01,1.462713558678477299e-01,1.181802428475614147e-01,2.119655582382386216e-01,2.911817727304331083e-01,1.610929841748666158e-01,4.326170047694858911e-01,4.746177927977894839e-01,4.295715639646158768e-01,4.031558174127475302e-01,-6.022763218160160498e-02,-9.814467464297284977e-03,1.095916723375584337e-02,7.050845591011277447e-02,5.777892836951899896e-02
2.682531507250081049e-01,1.493262558190948663e-01,4.031619741876084351e-02,-1.057787469119239182e-01,-2.383449380392666656e-02,1.991770439932447900e-01,-9.901577630278649012e-02,2.487742833742269954e-01,1.000000000000000000e+00,5.278733688323340029e-02,1.121057780632465639e-01,1.966693491884400069e-01,3.712856127020980335e-02,3.284607469238216004e-01,2.054907392648888664e-01,2.282359373824576765e-01,1.762717499898447393e-01,9.670293133813608055e-02,-2.916373772366505010e-02,2.916802602425261348e-01,2.547259001849184190e-01,2.496503791989086452e-01,3.414597146764991042e-01,1.051671538017692614e-01,2.695463473725682735e-01,3.794192007577584791e-01,2.677656643401449266e-01,2.092070569267007463e-01,2.093037360634477928e-01,1.401357288288399006e-01,1.856594513595438423e-01,9.666061831778388624e-02,3.027962981673922305e-01,2.811407232177809412e-01,7.246213818896615755e-02,2.571743606595541243e-01,5.986538937218748718e-02,3.302288181243462351e-01,3.080144208293472685e-01
-9.058869071974413878e-02,9.357967804321734584e-02,-1.321248445167392815e-01,1.437352580407645075e-01,2.242671424874690400e-01,1.680394925192030819e-01,3.662470141076112906e-01,1.795485672339356131e-01,5.278733688323340029e-02,1.000000000000000000e+00,3.385863137294880532e-01,4.822532621847168133e-01,3.973480193907425462e-01,5.144445421047602607e-02,4.619594618878063441e-01,6.362936795196950657e-01,1.839306337096817401e-01,-1.247354712705662887e-02,1.973813093517729975e-02,1.181578874458659861e-01,-5.050605967710745936e-02,1.418063898137606749e-01,1.033633723481693911e-01,-6.081955722962169991e-02,3.717292015045194908e-01,-6.738144083221593410e-03,7.170160924218241250e-02,5.377017964119876203e-02,-2.059804713313333202e-02,8.295127770254945299e-02,1.871122641645799056e-01,3.627933108526767980e-01,7.422994011167681483e-02,4.257625015750858277e-01,-1.743418466994092475e-01,-6.003799134193719966e-02,-1.483357778898493524e-02,8.035147585947478854e-02,1.049000079110003064e-01
-1.566050128514907547e-01,-1.597743036967662622e-01,-6.969717789936792640e-02,-1.740123519717857725e-01,-1.212026319052326648e-02,2.410696076693108481e-01,4.342020618120361053e-02,3.659680632883780538e-01,1.121057780632465639e-01,3.385863137294880532e-01,1.000000000000000000e+00,4.494691954095312858e-01,2.020352285463991593e-01,2.552297092150228597e-01,3.379205478076364177e-01,2.372290316529162557e-01,4.424905252330533223e-01,1.632003095626287648e-01,-5.465320715809579566e-02,3.435061230246581054e-01,1.564165804648543212e-01,3.708082252717665450e-01,3.517657356926868206e-01,2.578360330868159633e-01,5.558838728783003225e-01,2.018031933167400149e-01,2.881394570660498755e-01,-6.429915580358516042e-03,1.300835874349430543e-01,-1.599698466022966281e-01,2.612241387600034992e-01,4.197571008169028728e-01,2.310341783904616142e-01,3.002765876555893998e-01,1.715677537679238807e-01,5.063560511299947109e-02,4.872189118999811219e-01,3.492789321056403162e-01,3.337079741844969916e-01
9.961656331035019518e-02,3.846107611179379326e-02,9.347737080479398553e-02,-1.458607399302530305e-01,-3.987165803096649752e-02,9.062949901696172594e-02,4.349895947881555341e-02,1.169191865612891623e-01,1.966693491884400069e-01,4.822532621847168133e-01,4.494691954095312858e-01,1.000000000000000000e+00,3.380808508104982124e-01,1.645835022721743590e-01,5.332523501639342411e-01,3.291425355212305170e-01,3.415819101826064741e-01,-1.128606855538278296e-02,-1.415177609890461707e-01,1.076406687869122386e-01,6.865119703064578860e-02,1.464916672925145880e-01,2.233596009348244316e-01,1.273450014424233057e-01,3.743411438407472924e-01,2.715380581732960152e-01,2.368673671287981619e-01,1.163032313259455830e-01,-2.333599970006669522e-02,-2.734387809275534154e-01,1.015393167966230081e-01,2.067874142710189322e-01,1.947275393371650232e-01,4.139984162816168767e-01,1.636486727163521115e-01,1.624011826650156032e-01,2.713054295025142948e-01,3.106593441573582415e-01,2.776844159084724262e-01
-9.698084044506082024e-02,1.079152851177645200e-01,5.909265524790362212e-02,3.715004614203384348e-01,5.507976399707527060e-01,4.044690258916802672e-01,5.203518279823968751e-01,3.017825545167699408e-01,3.712856127020980335e-02,3.973480193907425462e-01,2.020352285463991593e-01,3.380808508104982124e-01,1.000000000000000000e+00,1.331980756131447285e-01,4.640353944133492337e-01,2.339215239123634549e-01,1.812390622854747058e-01,-1.004058069815673138e-01,9.176900716694834370e-02,1.993712285817145768e-01,8.250555270196197055e-02,3.003646650166152954e-01,2.382063782192993806e-01,1.364216609391485369e-01,3.882908992135556403e-01,-4.383548833731758937e-02,3.104720620797819797e-02,3.864559125766233172e-01,1.390836586160920929e-01,5.866293136140172948e-02,3.666827803055509039e-01,4.727383651731441039e-01,2.298732874731836684e-01,3.473533609295648694e-01,-1.198810740910735834e-01,-1.046268287764722804e-01,-9.099387494078588212e-02,-1.615810355299278911e-01,-1.231795617625354861e-01
1.766827605856535199e-01,2.804694555455201216e-02,5.113916928672051360e-02,-9.168381724746405004e-02,2.405872832709216730e-02,4.678898171954997132e-01,4.320518487389796158e-02,3.951601097014897368e-01,3.284607469238216004e-01,5.144445421047602607e-02,2.552297092150228597e-01,1.645835022721743590e-01,1.331980756131447285e-01,1.000000000000000000e+00,2.492761432040973557e-01,2.981926255296475925e-01,4.051435078507283349e-01,3.493837580663156778e-02,-9.828764437216143401e-02,3.271408245974489204e-01,2.729650650349683683e-01,3.399819093834091643e-01,5.253011497323305523e-01,2.839718567368392788e-01,3.648987684729128045e-01,4.466460195187899607e-01,2.992531205817744455e-01,3.365170154818450943e-01,4.400224938640820427e-01,2.860878266522870125e-02,3.248805468601131952e-01,3.319321221803346322e-01,2.585753438412849436e-01,1.086235961476394035e-01,3.494614889246587253e-01,3.359386435262476378e-01,3.066412902975869104e-01,2.034836089407102977e-01,1.485471079306483200e-01
9.763977324622147291e-02,1.334518746845211323e-01,9.106429573443762526e-02,4.146335289790299694e-02,2.775599464729831545e-01,2.079418198504107140e-01,1.863618047900867380e-01,1.770979424483548059e-01,2.054907392648888664e-01,4.619594618878063441e-01,3.379205478076364177e-01,5.332523501639342411e-01,4.640353944133492337e-01,2.492761432040973557e-01,1.000000000000000000e+00,5.285709704722491020e-01,4.325613422085893278e-01,-2.083508241798935900e-01,-8.953421596685604000e-02,4.566789490370446597e-02,-3.932306045633350566e-02,1.367248218206450205e-01,3.174666000386544562e-01,1.393206233327729804e-01,3.436689713585951433e-01,1.445184773084493279e-01,1.328097135790936023e-01,3.528452214852312863e-01,1.950682207748668240e-01,-8.682885345244653608e-03,2.608342815367878931e-01,3.364281601233619634e-01,1.944712546452033453e-01,3.706026730662104751e-01,7.784707790480699385e-02,2.049431087912214067e-01,1.698138359779707285e-01,1.066150494048973135e-01,7.505810212750826937e-02
1.388638763789125929e-01,1.095905134611735859e-01,-5.216457849280323883e-02,9.172334105156934592e-02,2.078355747610939053e-01,3.288864163208889413e-01,2.417745026685259035e-01,1.983207102015429046e-01,2.282359373824576765e-01,6.362936795196950657e-01,2.372290316529162557e-01,3.291425355212305170e-01,2.339215239123634549e-01,2.981926255296475925e-01,5.285709704722491020e-01,1.000000000000000000e+00,4.398382467199201118e-01,-1.236044838890058492e-02,-2.374535370541988599e-02,7.260524852345141833e-02,-5.976557818322674777e-03,1.410551158663448934e-01,3.902474560370415846e-01,6.975390954057283932e-02,2.874067451653954941e-01,8.384798710055123283e-02,4.744998066209685228e-02,2.786800564303744121e-01,2.782692251828166596e-01,1.682105061849677174e-01,1.539116888217426926e-01,3.030462119991087500e-01,5.076176847267245551e-02,2.221944709600453816e-01,3.823866833859373981e-02,1.964408831485409401e-01,4.597598375603934723e-02,1.218861042675928597e-01,7.065407028982716164e-02
1.489442674412429224e-01,-4.807939096667350476e-02,2.061830863656201329e-01,-1.281277611644059400e-01,5.672364523048144258e-02,3.533763354721270455e-01,-6.318627788358209540e-02,2.810027496800854840e-01,1.762717499898447393e-01,1.839306337096817401e-01,4.424905252330533223e-01,3.415819101826064741e-01,1.812390622854747058e-01,4.051435078507283349e-01,4.325613422085893278e-01,4.398382467199201118e-01,1.000000000000000000e+00,-1.085577235029182436e-01,-2.060987526746151932e-01,1.486548082127038539e-01,1.791166628209829303e-01,2.098352220998971618e-01,6.376760783271641087e-01,4.521222159246667260e-01,2.906263838580384617e-01,3.196644025977015691e-01,3.447283938587947238e-02,3.498597164796750647e-01,3.716566722005021361e-01,8.541142694470946206e-02,5.315242014685470778e-02,1.684108487100200724e-01,6.063782322731267604e-02,1.213549796631723660e-01,5.096326764257630426e-01,3.986331466193723805e-01,4.289582908844897791e-01,1.358565450578784473e-01,5.700174499442709972e-03
5.021141960687786759e-02,-1.498188454681498305e-01,-1.396347347011064888e-01,-1.283459342259059000e-01,-1.803300274837547901e-01,-1.483204219259194045e-01,3.217722751184667884e-02,1.743747543302354708e-01,9.670293133813608055e-02,-1.247354712705662887e-02,1.632003095626287648e-01,-1.128606855538278296e-02,-1.004058069815673138e-01,3.493837580663156778e-02,-2.083508241798935900e-01,-1.236044838890058492e-02,-1.085577235029182436e-01,1.000000000000000000e+00,5.391921837899618097e-01,4.526856741258460937e-01,1.466982168057027747e-01,4.290110867312823539e-01,-1.123922916734438199e-01,-2.838918418748958006e-01,1.096117688221613790e-01,7.118624883452624730e-02,2.047956420677587708e-01,-3.773634769306760672e-01,4.721932070269450887e-02,-1.692674466308896897e-01,-3.473327344550852704e-03,1.063916658641329560e-01,1.171714390084410973e-01,1.311506234055925535e-01,-2.541933286094342215e-01,-1.669600857910346348e-01,-5.301078402938101675e-02,4.276064161774799643e-01,4.879525755643795426e-01
-9.741634918393236864e-02,-6.171710636427798352e-02,5.303333327145011520e-04,7.573199592785817558e-02,1.855718624011765960e-01,-1.985962460760032355e-01,1.018252858548661516e-01,7.728305880467541134e-02,-2.916373772366505010e-02,1.973813093517729975e-02,-5.465320715809579566e-02,-1.415177609890461707e-01,9.176900716694834370e-02,-9.828764437216143401e-02,-8.953421596685604000e-02,-2.374535370541988599e-02,-2.060987526746151932e-01,5.391921837899618097e-01,1.000000000000000000e+00,2.961838638858545480e-01,9.755140970816285340e-02,3.830659504643200708e-01,-2.469836278190113699e-01,-1.927078812815244402e-01,5.765402232208707844e-02,-1.771383032526433476e-01,-2.457192753926189244e-02,-1.515531432435102410e-01,6.697257196624263609e-02,8.643290401868022887e-02,2.792271289171527685e-02,9.926497785361763915e-02,1.276168469452360898e-01,1.246252488718799650e-01,-2.899203771928182127e-01,-1.310701598772491261e-01,-2.143064614918579192e-01,-1.324585338434158648e-02,1.288641781355634175e-01
1.028196330899288323e-03,-2.947154788294446132e-02,-3.219427332658428287e-02,-7.410660207832302053e-03,1.916165259865433845e-01,2.635278902311913862e-01,1.447589872550484880e-01,6.925280296618596676e-01,2.916802602425261348e-01,1.181578874458659861e-01,3.435061230246581054e-01,1.076406687869122386e-01,1.993712285817145768e-01,3.271408245974489204e-01,4.566789490370446597e-02,7.260524852345141833e-02,1.486548082127038539e-01,4.526856741258460937e-01,2.961838638858545480e-01,1.000000000000000000e+00,5.038048784187827422e-01,7.828547841539952312e-01,2.113862250276889732e-01,-6.353261045638187478e-03,3.788060361956759325e-01,1.966306893311373927e-01,2.303545353983066368e-01,7.865337180651310600e-02,2.561561044148456534e-01,8.724496839190469533e-02,4.122801779037887915e-01,4.370970391181674963e-01,4.712096526848856270e-01,4.875074172666581385e-01,-7.962518269031151896e-02,-1.696889009828270525e-02,7.929347217540605106e-03,2.423610893628765084e-01,2.690178988820816075e-01
1.639654405446722696e-01,8.137715198129773231e-02,2.875676081981703436e-01,-2.690632787570350348e-02,5.545426285322326010e-02,1.140873515199195831e-01,-1.066757083651628940e-01,4.718725968114333424e-01,2.547259001849184190e-01,-5.050605967710745936e-02,1.564165804648543212e-01,6.865119703064578860e-02,8.250555270196197055e-02,2.729650650349683683e-01,-3.932306045633350566e-02,-5.976557818322674777e-03,1.791166628209829303e-01,1.466982168057027747e-01,9.755140970816285340e-02,5.038048784187827422e-01,1.000000000000000000e+00,4.887505387715226912e-01,2.859676107529572353e-01,1.710345612800043269e-01,2.324003218071687693e-01,2.536745918151577239e-01,8.406639251444862626e-02,8.936979234002373484e-02,1.022259761655290866e-01,4.863175102251442866e-02,9.717154826101669085e-02,6.645382136890269631e-02,4.426046297670172547e-01,2.999264858451007876e-01,1.231078916234130405e-01,1.147793970733336222e-01,1.336620042806808406e-01,8.031828704241408823e-02,7.374320516593860231e-02
-1.163009004846621633e-02,-4.810155961637444660e-02,6.879974785677991922e-02,2.787526039754225499e-02,2.549336607344683259e-01,3.074803787179191117e-01,2.091685212130841298e-01,7.175309172852972761e-01,2.496503791989086452e-01,1.418063898137606749e-01,3.708082252717665450e-01,1.464916672925145880e-01,3.003646650166152954e-01,3.399819093834091643e-01,1.367248218206450205e-01,1.410551158663448934e-01,2.098352220998971618e-01,4.290110867312823539e-01,3.830659504643200708e-01,7.828547841539952312e-01,4.887505387715226912e-01,1.000000000000000000e+00,2.764785358495621126e-01,6.800468864308805567e-03,4.552659333326739555e-01,1.452074154062594769e-01,1.885293888171359067e-01,1.209415500297780222e-01,3.013309031306551922e-01,8.539380261059763277e-02,4.901565260216670938e-01,5.034698466679442541e-01,5.306447988724342091e-01,4.876151245831419345e-01,-9.541959176612745119e-02,1.404218862786544425e-02,2.997198878033779240e-02,2.287686552242541027e-01,2.421567284916089913e-01
1.706608471199183852e-01,4.032830688595945984e-02,2.382834302012903915e-01,1.404224636143936757e-02,1.756335188801583513e-01,5.921309313809538510e-01,5.969244352748807880e-02,3.512360788483016583e-01,3.414597146764991042e-01,1.033633723481693911e-01,3.517657356926868206e-01,2.233596009348244316e-01,2.382063782192993806e-01,5.253011497323305523e-01,3.174666000386544562e-01,3.902474560370415846e-01,6.376760783271641087e-01,-1.123922916734438199e-01,-2.469836278190113699e-01,2.113862250276889732e-01,2.859676107529572353e-01,2.764785358495621126e-01,1.000000000000000000e+00,4.548272981680895888e-01,5.070898048409825387e-01,3.413480151866365997e-01,1.339263588694958318e-01,3.684724529158130979e-01,2.660329021843684250e-01,1.664828924672929478e-01,2.383121061401410334e-01,2.151335752740914931e-01,2.146429114319396425e-01,2.288193425233933653e-01,3.172133770861219615e-01,2.823768505155470621e-01,2.538368224015828400e-01,1.470077002172211489e-01,2.673389509284101410e-03
-1.278429000661147202e-02,-5.089491064912701757e-02,1.605240309690722511e-01,-1.365470270983378809e-01,1.398499197262644510e-02,3.411223120514310092e-01,-1.606407120522446164e-01,6.782815180387491427e-02,1.051671538017692614e-01,-6.081955722962169991e-02,2.578360330868159633e-01,1.273450014424233057e-01,1.364216609391485369e-01,2.839718567368392788e-01,1.393206233327729804e-01,6.975390954057283932e-02,4.521222159246667260e-01,-2.838918418748958006e-01,-1.927078812815244402e-01,-6.353261045638187478e-03,1.710345612800043269e-01,6.800468864308805567e-03,4.548272981680895888e-01,1.000000000000000000e+00,1.960042433765304959e-01,8.627135218991513477e-02,-7.516377425662269796e-02,3.120397109328184593e-01,2.074870169068067649e-01,1.614572336155856991e-01,1.479535575726542013e-02,7.388292149542978471e-02,-3.928605684776755730e-02,-1.232718516945688764e-01,5.785646326876795476e-01,2.439033311077971333e-01,5.039743838936626696e-01,-1.116368388998748851e-01,-1.144352721394092109e-01
-1.791803084050966055e-01,-1.249690640475477343e-01,1.092455414201387760e-02,6.076532633849832804e-02,2.416571890466109873e-01,4.299554821268873894e-01,3.380626249954299389e-01,3.827619418753244740e-01,2.695463473725682735e-01,3.717292015045194908e-01,5.558838728783003225e-01,3.743411438407472924e-01,3.882908992135556403e-01,3.648987684729128045e-01,3.436689713585951433e-01,2.874067451653954941e-01,2.906263838580384617e-01,1.096117688221613790e-01,5.765402232208707844e-02,3.788060361956759325e-01,2.324003218071687693e-01,4.552659333326739555e-01,5.070898048409825387e-01,1.960042433765304959e-01,1.000000000000000000e+00,1.862373933729859210e-01,2.648175152846580227e-01,9.768590115079948955e-02,9.569939479218278477e-02,-5.720828342574868497e-02,4.208708457615010223e-01,4.519007827878371297e-01,3.229217397889697083e-01,4.940524209516730103e-01,-2.945529707238127640e-02,2.715303031642029088e-02,1.631102200995527274e-01,2.892033035106983396e-01,2.467717377035738291e-01
2.686008882870710157e-01,5.834896260580282878e-02,1.441910672242898150e-01,-2.482598425048409552e-01,-1.483046381218320886e-01,8.528512776935320838e-02,-2.700485587894704831e-01,1.462713558678477299e-01,3.794192007577584791e-01,-6.738144083221593410e-03,2.018031933167400149e-01,2.715380581732960152e-01,-4.383548833731758937e-02,4.466460195187899607e-01,1.445184773084493279e-01,8.384798710055123283e-02,3.196644025977015691e-01,7.118624883452624730e-02,-1.771383032526433476e-01,1.966306893311373927e-01,2.536745918151577239e-01,1.452074154062594769e-01,3.413480151866365997e-01,8.627135218991513477e-02,1.862373933729859210e-01,1.000000000000000000e+00,6.297226725762272714e-01,1.471562073017141370e-01,2.472070439806438036e-01,-1.069222376558763982e-01,7.152619362174750250e-02,1.318036510112702113e-02,2.932774174639562470e-01,1.544558438757084040e-01,3.747895696333064519e-01,3.462493407997259132e-01,3.524874241848344747e-01,4.204651620348054397e-01,3.419324993991213479e-01
2.847008809581983227e-02,-2.036422903014393007e-02,-5.284264212663955518e-02,-7.785975255905634718e-02,-3.213176744649195310e-02,4.196088307370808568e-02,-1.669003666216022433e-02,1.181802428475614147e-01,2.677656643401449266e-01,7.170160924218241250e-02,2.881394570660498755e-01,2.368673671287981619e-01,3.104720620797819797e-02,2.992531205817744455e-01,1.328097135790936023e-01,4.744998066209685228e-02,3.447283938587947238e-02,2.047956420677587708e-01,-2.457192753926189244e-02,2.303545353983066368e-01,8.406639251444862626e-02,1.885293888171359067e-01,1.339263588694958318e-01,-7.516377425662269796e-02,2.648175152846580227e-01,6.297226725762272714e-01,1.000000000000000000e+00,1.082715313943384897e-02,7.927428208135747778e-02,-1.874853974557701697e-01,2.145295836504403364e-01,1.667457797416404541e-01,3.013469364365046199e-01,1.935715489259950128e-01,6.348844111686836877e-02,2.402652461886265953e-02,1.941182738112617323e-01,4.453354620942672204e-01,4.824710796699656634e-01
1.132927862774939370e-01,1.819587161698645594e-01,1.119142706740909599e-01,2.196993492352871669e-01,4.343278171854657588e-01,4.820055038868515385e-01,2.042067027099849497e-01,2.119655582382386216e-01,2.092070569267007463e-01,5.377017964119876203e-02,-6.429915580358516042e-03,1.163032313259455830e-01,3.864559125766233172e-01,3.365170154818450943e-01,3.528452214852312863e-01,2.786800564303744121e-01,3.498597164796750647e-01,-3.773634769306760672e-01,-1.515531432435102410e-01,7.865337180651310600e-02,8.936979234002373484e-02,1.209415500297780222e-01,3.684724529158130979e-01,3.120397109328184593e-01,9.768590115079948955e-02,1.471562073017141370e-01,1.082715313943384897e-02,1.000000000000000000e+00,4.699263190154171488e-01,2.579984118971040963e-01,4.217644188297082763e-01,3.206205653201829042e-01,2.398611361980263756e-01,8.394150504487764286e-02,3.095755006179153335e-01,2.937832185455233058e-01,5.834676208820980398e-02,-2.321724807848407901e-01,-2.757677766311803502e-01
1.291926163903364955e-01,-1.353110249513914121e-02,-6.338550960675178036e-02,-4.017191022554444241e-02,1.925007719353447055e-01,3.766150316764783068e-01,8.701831515211549961e-02,2.911817727304331083e-01,2.093037360634477928e-01,-2.059804713313333202e-02,1.300835874349430543e-01,-2.333599970006669522e-02,1.390836586160920929e-01,4.400224938640820427e-01,1.950682207748668240e-01,2.782692251828166596e-01,3.716566722005021361e-01,4.721932070269450887e-02,6.697257196624263609e-02,2.561561044148456534e-01,1.022259761655290866e-01,3.013309031306551922e-01,2.660329021843684250e-01,2.074870169068067649e-01,9.569939479218278477e-02,2.472070439806438036e-01,7.927428208135747778e-02,4.699263190154171488e-01,1.000000000000000000e+00,1.149816090856318335e-01,3.031715209927703381e-01,4.865357266753025933e-01,1.146465698433758729e-01,-1.490174531521437119e-02,3.519910276318610198e-01,3.246939374058488426e-01,2.259229264877062326e-01,-1.048106205462129552e-03,-1.173790637860119661e-02
-1.263145451050297352e-01,7.441706577533614871e-03,-1.435881077174419075e-02,1.244490768781038176e-01,2.272998910611843393e-01,1.550490786009068866e-01,-2.731017862240024685e-02,1.610929841748666158e-01,1.401357288288399006e-01,8.295127770254945299e-02,-1.599698466022966281e-01,-2.734387809275534154e-01,5.866293136140172948e-02,2.860878266522870125e-02,-8.682885345244653608e-03,1.682105061849677174e-01,8.541142694470946206e-02,-1.692674466308896897e-01,8.643290401868022887e-02,8.724496839190469533e-02,4.863175102251442866e-02,8.539380261059763277e-02,1.664828924672929478e-01,1.614572336155856991e-01,-5.720828342574868497e-02,-1.069222376558763982e-01,-1.874853974557701697e-01,2.579984118971040963e-01,1.149816090856318335e-01,1.000000000000000000e+00,1.120160328137458083e-01,-2.819367451911989828e-02,-7.719099311561733977e-03,6.720308257596123436e-02,4.642360435400331303e-02,1.080069478366353780e-01,-1.063325108227729243e-01,-2.355198368681585830e-01,-1.923754866578186173e-01
-8.911810418491838970e-02,7.121237553125366049e-02,-8.240771684926580243e-02,1.946813517803840377e-01,4.444470434606219711e-01,4.931073626523655995e-01,4.289291220077208200e-01,4.326170047694858911e-01,1.856594513595438423e-01,1.871122641645799056e-01,2.612241387600034992e-01,1.015393167966230081e-01,3.666827803055509039e-01,3.248805468601131952e-01,2.608342815367878931e-01,1.539116888217426926e-01,5.315242014685470778e-02,-3.473327344550852704e-03,2.792271289171527685e-02,4.122801779037887915e-01,9.717154826101669085e-02,4.901565260216670938e-01,2.383121061401410334e-01,1.479535575726542013e-02,4.208708457615010223e-01,7.152619362174750250e-02,2.145295836504403364e-01,4.217644188297082763e-01,3.031715209927703381e-01,1.120160328137458083e-01,1.000000000000000000e+00,6.223330972883283074e-01,4.252699039469186038e-01,3.501806178921070822e-01,-1.072504677158633152e-01,3.077060095076767157e-02,-7.248515422658005636e-02,-8.244148488050549381e-03,-2.140548506705918907e-03
-1.083577190098167498e-01,1.337654371634022614e-02,-1.542282063751334864e-01,1.738684908509366966e-01,4.308091707605249954e-01,4.919837967225962339e-01,4.761603024932801187e-01,4.746177927977894839e-01,9.666061831778388624e-02,3.627933108526767980e-01,4.197571008169028728e-01,2.067874142710189322e-01,4.727383651731441039e-01,3.319321221803346322e-01,3.364281601233619634e-01,3.030462119991087500e-01,1.684108487100200724e-01,1.063916658641329560e-01,9.926497785361763915e-02,4.370970391181674963e-01,6.645382136890269631e-02,5.034698466679442541e-01,2.151335752740914931e-01,7.388292149542978471e-02,4.519007827878371297e-01,1.318036510112702113e-02,1.667457797416404541e-01,3.206205653201829042e-01,4.865357266753025933e-01,-2.819367451911989828e-02,6.223330972883283074e-01,1.000000000000000000e+00,2.888341022696216953e-01,3.075496026758984813e-01,-4.736726424818758080e-02,-1.902981322200250278e-02,5.996439073170971301e-02,1.654151831495968838e-02,4.037489482638489946e-02
9.198994519572277484e-02,1.608455962432702724e-01,2.354101948359106633e-01,1.320818488029245619e-01,2.520261767539741515e-01,1.799751840765161648e-01,2.843197319857474620e-02,4.295715639646158768e-01,3.027962981673922305e-01,7.422994011167681483e-02,2.310341783904616142e-01,1.947275393371650232e-01,2.298732874731836684e-01,2.585753438412849436e-01,1.944712546452033453e-01,5.076176847267245551e-02,6.063782322731267604e-02,1.171714390084410973e-01,1.276168469452360898e-01,4.712096526848856270e-01,4.426046297670172547e-01,5.306447988724342091e-01,2.146429114319396425e-01,-3.928605684776755730e-02,3.229217397889697083e-01,2.932774174639562470e-01,3.013469364365046199e-01,2.398611361980263756e-01,1.146465698433758729e-01,-7.719099311561733977e-03,4.252699039469186038e-01,2.888341022696216953e-01,1.000000000000000000e+00,4.375455226320192903e-01,-6.507235127500579641e-02,5.649848405738136514e-02,2.613332397261461729e-02,1.440993241362016897e-01,1.598576497866733004e-01
-4.210374683634220822e-02,3.097414195082183810e-02,1.207704024485141553e-01,1.184597067724889596e-01,2.573555421057316384e-01,1.340111434032822124e-01,2.675602657165903620e-01,4.031558174127475302e-01,2.811407232177809412e-01,4.257625015750858277e-01,3.002765876555893998e-01,4.139984162816168767e-01,3.473533609295648694e-01,1.086235961476394035e-01,3.706026730662104751e-01,2.221944709600453816e-01,1.213549796631723660e-01,1.311506234055925535e-01,1.246252488718799650e-01,4.875074172666581385e-01,2.999264858451007876e-01,4.876151245831419345e-01,2.288193425233933653e-01,-1.232718516945688764e-01,4.940524209516730103e-01,1.544558438757084040e-01,1.935715489259950128e-01,8.394150504487764286e-02,-1.490174531521437119e-02,6.720308257596123436e-02,3.501806178921070822e-01,3.075496026758984813e-01,4.375455226320192903e-01,1.000000000000000000e+00,-1.700760443834039015e-01,-5.302537042644400733e-02,-1.048661316584014597e-01,1.943486970615188325e-01,1.942222797270617141e-01
1.711017250667230538e-01,-5.718864148975002365e-02,1.912115999506039665e-01,-3.148949251434033925e-01,-2.247013926183480115e-01,1.700433008537453328e-01,-3.602779764705917320e-01,-6.022763218160160498e-02,7.246213818896615755e-02,-1.743418466994092475e-01,1.715677537679238807e-01,1.636486727163521115e-01,-1.198810740910735834e-01,3.494614889246587253e-01,7.784707790480699385e-02,3.823866833859373981e-02,5.096326764257630426e-01,-2.541933286094342215e-01,-2.899203771928182127e-01,-7.962518269031151896e-02,1.231078916234130405e-01,-9.541959176612745119e-02,3.172133770861219615e-01,5.785646326876795476e-01,-2.945529707238127640e-02,3.747895696333064519e-01,6.348844111686836877e-02,3.095755006179153335e-01,3.519910276318610198e-01,4.642360435400331303e-02,-1.072504677158633152e-01,-4.736726424818758080e-02,-6.507235127500579641e-02,-1.700760443834039015e-01,1.000000000000000000e+00,5.615935498600822529e-01,6.611067630530151895e-01,6.584149072411789316e-02,-2.643570448811804335e-02
2.668663783234234144e-01,1.102013694256615273e-01,1.473465320159329794e-01,-2.689843969513340260e-01,-1.087263374480044870e-01,1.042155166376561304e-01,-3.113507957294909811e-01,-9.814467464297284977e-03,2.571743606595541243e-01,-6.003799134193719966e-02,5.063560511299947109e-02,1.624011826650156032e-01,-1.046268287764722804e-01,3.359386435262476378e-01,2.049431087912214067e-01,1.964408831485409401e-01,3.986331466193723805e-01,-1.669600857910346348e-01,-1.310701598772491261e-01,-1.696889009828270525e-02,1.147793970733336222e-01,1.404218862786544425e-02,2.823768505155470621e-01,2.439033311077971333e-01,2.715303031642029088e-02,3.462493407997259132e-01,2.402652461886265953e-02,2.937832185455233058e-01,3.246939374058488426e-01,1.080069478366353780e-01,3.077060095076767157e-02,-1.902981322200250278e-02,5.649848405738136514e-02,-5.302537042644400733e-02,5.615935498600822529e-01,1.000000000000000000e+00,4.587497497660077417e-01,1.370886415733907904e-01,7.376265914515607591e-02
3.994513850374764585e-02,-1.337023364313891516e-01,1.119130379114968571e-01,-3.580253464180727097e-01,-2.651658185496277853e-01,1.000736959797920989e-01,-3.384592256975897384e-01,1.095916723375584337e-02,5.986538937218748718e-02,-1.483357778898493524e-02,4.872189118999811219e-01,2.713054295025142948e-01,-9.099387494078588212e-02,3.066412902975869104e-01,1.698138359779707285e-01,4.597598375603934723e-02,4.289582908844897791e-01,-5.301078402938101675e-02,-2.143064614918579192e-01,7.929347217540605106e-03,1.336620042806808406e-01,2.997198878033779240e-02,2.538368224015828400e-01,5.039743838936626696e-01,1.631102200995527274e-01,3.524874241848344747e-01,1.941182738112617323e-01,5.834676208820980398e-02,2.259229264877062326e-01,-1.063325108227729243e-01,-7.248515422658005636e-02,5.996439073170971301e-02,2.613332397261461729e-02,-1.048661316584014597e-01,6.611067630530151895e-01,4.587497497660077417e-01,1.000000000000000000e+00,2.908452908341545573e-01,2.670286728937875109e-01
1.348496306739947193e-01,-2.065708506458685811e-01,-9.721608914014151503e-02,-2.852972029322665692e-01,-3.197751720775824369e-01,-4.491921601381756307e-02,-1.186601336607523566e-01,7.050845591011277447e-02,3.302288181243462351e-01,8.035147585947478854e-02,3.492789321056403162e-01,3.106593441573582415e-01,-1.615810355299278911e-01,2.034836089407102977e-01,1.066150494048973135e-01,1.218861042675928597e-01,1.358565450578784473e-01,4.276064161774799643e-01,-1.324585338434158648e-02,2.423610893628765084e-01,8.031828704241408823e-02,2.287686552242541027e-01,1.470077002172211489e-01,-1.116368388998748851e-01,2.892033035106983396e-01,4.204651620348054397e-01,4.453354620942672204e-01,-2.321724807848407901e-01,-1.048106205462129552e-03,-2.355198368681585830e-01,-8.244148488050549381e-03,1.654151831495968838e-02,1.440993241362016897e-01,1.943486970615188325e-01,6.584149072411789316e-02,1.370886415733907904e-01,2.908452908341545573e-01,1.000000000000000000e+00,7.629321451516961616e-01
-2.245331603159751027e-02,-2.430889458204031073e-01,-1.558386290568115617e-01,-2.988743913249244932e-01,-2.846479746906711572e-01,-1.304879888962628409e-01,-1.716060125785997814e-01,5.777892836951899896e-02,3.080144208293472685e-01,1.049000079110003064e-01,3.337079741844969916e-01,2.776844159084724262e-01,-1.231795617625354861e-01,1.485471079306483200e-01,7.505810212750826937e-02,7.065407028982716164e-02,5.700174499442709972e-03,4.879525755643795426e-01,1.288641781355634175e-01,2.690178988820816075e-01,7.374320516593860231e-02,2.421567284916089913e-01,2.673389509284101410e-03,-1.144352721394092109e-01,2.467717377035738291e-01,3.419324993991213479e-01,4.824710796699656634e-01,-2.757677766311803502e-01,-1.173790637860119661e-02,-1.923754866578186173e-01,-2.140548506705918907e-03,4.037489482638489946e-02,1.598576497866733004e-01,1.942222797270617141e-01,-2.643570448811804335e-02,7.376265914515607591e-02,2.670286728937875109e-01,7.629321451516961616e-01,1.000000000000000000e+00
