1.000000000000000000e+00,5.089665405823811106e-01,2.728289278245608074e-01,8.981784777519660756e-02,-2.886117615469636077e-01,-4.489801781149519999e-01,-3.354686320468360794e-01,-3.247109548704104065e-01,1.158842551819723871e-01,1.743133615136033265e-01,-3.528894008940410276e-01,-3.191821081352265166e-01,-2.295143336055494865e-01,4.970082994466765852e-02,9.415117085047264300e-02,4.452599681274532206e-01,-4.251526638435675909e-01,-1.224492056131307738e-01,-2.702935776651084199e-01,-2.172124749257628440e-01,3.981233145092009235e-02,-4.299365049021989793e-01,-2.529926459690206575e-01,-1.108351716445371282e-01,-3.583827291643491009e-01,4.090043880485496053e-01,-5.767449118277373499e-02,2.837747014200555640e-01,-1.483677204375044578e-01,2.676774359453697183e-02,-2.942726549030909577e-01,-2.852209829304159783e-01,1.210559013624314395e-01,-2.696839142847103910e-01,-1.556190200176258143e-01,6.146756330323526196e-01,-7.902153782550384864e-02,3.734955561794104373e-01,3.375409641108139541e-02
5.089665405823811106e-01,1.000000000000000000e+00,9.154419824357533375e-02,-8.331479297986126020e-02,-9.773634817156803822e-02,-3.824699363294181143e-01,-2.378345341069026952e-02,-3.032370351736006220e-01,8.652310417963475497e-02,4.573638873550690542e-01,-4.854413098481757949e-01,3.039157667202111932e-02,-2.905825067849890711e-02,4.498230146676630153e-02,-1.217021731312954574e-01,1.772196685739327870e-01,-3.843193866153111204e-01,-2.703471824777049504e-01,-2.660203877660894389e-01,-3.569890828879484501e-01,1.659834282006975581e-01,-2.322433865583757584e-01,-3.606632163207034170e-01,-1.607522578477529884e-01,-1.834719919855886117e-01,2.467395152906211586e-01,3.130917124592107470e-01,1.169089058330838038e-01,-2.518821753575195554e-01,-4.038783306997249800e-02,-4.463488099281687216e-02,-2.801025428463760902e-01,2.473279510849339946e-01,-2.849888656357426608e-01,-1.747605737241795243e-01,4.275387801889772299e-01,3.722578492286392204e-02,1.118733134795544676e-01,2.136049102741069405e-01
2.728289278245608074e-01,9.154419824357533375e-02,1.000000000000000000e+00,3.353153921574751894e-01,1.404831598238250878e-01,-3.664927800875786984e-02,1.767847072935915809e-01,-2.270283237081452687e-01,2.534898430791007184e-01,3.869106193300544949e-02,3.763232327193773846e-02,-1.017711153031322126e-02,2.095232644793554866e-01,-6.485113886382534720e-02,1.348441469216031807e-01,2.431537984903602290e-01,-3.444490725453035196e-02,2.000163793122251843e-01,1.795252309984807226e-01,1.202993949748286662e-01,-2.939101919493769879e-02,6.135110834642696492e-02,-2.445518543024282482e-02,-1.220927736302886424e-01,-9.618858966794446852e-02,2.877452734952113955e-01,2.007444849736634285e-01,2.081372059464475233e-01,7.451220623181638303e-02,-3.180157978500362109e-02,-5.374944359018504064e-02,7.428794201650519569e-02,8.033774081600546235e-02,-1.099376260405366020e-02,-8.079711722791768636e-02,2.038234526548903525e-01,-1.539184986162866944e-03,5.684729707139405536e-02,-7.642022560747541160e-02
8.981784777519660756e-02,-8.331479297986126020e-02,3.353153921574751894e-01,1.000000000000000000e+00,4.725733462162126641e-01,1.698698518687098979e-01,3.953611849049986637e-01,1.040115123190468588e-01,-1.013652202136263933e-02,1.500651542109417884e-03,2.483265943503725481e-01,-1.163951564193383137e-01,3.617349472301160107e-01,-4.333426838353465760e-02,4.270061024772157238e-02,1.968226118461336716e-01,8.416597966867866987e-02,4.460171550710003707e-01,4.030565973367554733e-01,2.901464170335408821e-01,-5.349493463944966776e-02,2.134458485290043617e-01,1.452455344242918056e-01,-1.049557212459076017e-01,1.378053934073084075e-01,-1.168762951873974637e-01,-4.068205779744618611e-02,2.048334140577650619e-01,-9.133237255921124176e-02,-2.661022472228896096e-01,6.556609678337631253e-02,1.803494849702254599e-01,-1.954426070141822291e-01,4.869283230663024042e-02,-1.507234661253864516e-01,2.693421552090407081e-02,-7.176828133986155878e-02,3.835223672059408923e-02,-1.227127055978994297e-01
-2.886117615469636077e-01,-9.773634817156803822e-02,1.404831598238250878e-01,4.725733462162126641e-01,1.000000000000000000e+00,5.777412323547054251e-01,7.524141991430894905e-01,5.039985142648294447e-01,2.042003239093012901e-01,1.811000808070447887e-01,5.330303965560965196e-01,4.592923835693989987e-01,4.704894435953724252e-01,1.546370161915700502e-02,3.074685847483969448e-01,1.174939077228421697e-01,5.435712169391685444e-01,4.466172731355473879e-01,5.629256428716270522e-01,5.226735835361282501e-01,5.195363617371856479e-03,6.647734085267575921e-01,3.809342567825013126e-01,5.944111547520054828e-02,4.713140990625517279e-01,-1.769487676457807135e-01,1.992377430545018147e-01,-2.821814036501400086e-02,1.462297340453011241e-01,7.005420473204530818e-02,4.119503439001506728e-01,5.000716027280976972e-01,-2.578345515887376926e-01,5.196003848453671914e-01,8.387667598221511256e-02,-2.658818123498947195e-01,2.180557773826933277e-01,4.627308478492901667e-02,1.972273572168250777e-01
-4.489801781149519999e-01,-3.824699363294181143e-01,-3.664927800875786984e-02,1.698698518687098979e-01,5.777412323547054251e-01,1.000000000000000000e+00,5.593036352742846162e-01,6.829272458727316808e-01,2.111392429971179485e-01,-6.776116658158551354e-02,6.725811465927505894e-01,4.846206449113587000e-01,3.934054902731031200e-01,1.545475390910041324e-01,2.869916754164639205e-01,-1.753113010414857412e-02,7.183479805710454302e-01,3.473229428322373580e-01,4.411791108213038992e-01,6.593711984089511979e-01,1.674388640646733498e-02,7.320714042469854688e-01,7.108307470726390465e-01,3.514948291947567194e-01,6.865448916863546858e-01,-1.003393940036461209e-03,1.907372653286162623e-01,5.956006429614202347e-02,5.249149261552362722e-01,1.882731240589683164e-01,5.285576286279456415e-01,6.727586711237858452e-01,-3.558371383198304927e-01,6.185158203737155524e-01,4.097668793369630413e-01,-4.265227105967128729e-01,4.045407857793986151e-01,5.238526635475146409e-02,2.852616830821715355e-01
-3.354686320468360794e-01,-2.378345341069026952e-02,1.767847072935915809e-01,3.953611849049986637e-01,7.524141991430894905e-01,5.593036352742846162e-01,1.000000000000000000e+00,4.577284348789883994e-01,1.460350830627685503e-01,1.932935927848338509e-01,4.727688461814430476e-01,5.255484995265284898e-01,5.907266349767019697e-01,7.266890560926725362e-02,1.085883494598477161e-01,1.356274149661907125e-01,5.388911902540386434e-01,3.784700359961120641e-01,5.188568846389020051e-01,4.241579359563780183e-01,9.792778297876462978e-02,6.835967764021528836e-01,3.902908288088848265e-01,8.516896584255810587e-02,5.291237340661060218e-01,-1.521583979432111211e-01,3.347061260561094986e-01,2.542344831748645853e-02,1.219366554393713914e-01,-5.300340906560253862e-02,5.398800283004592249e-01,5.029179448536501562e-01,-1.315244379952173748e-01,3.752117293355186622e-01,1.336808120102709330e-01,-2.778356158569972867e-01,2.749131701634275893e-01,-7.653419666225225182e-02,2.147342095767899306e-01
-3.247109548704104065e-01,-3.032370351736006220e-01,-2.270283237081452687e-01,1.040115123190468588e-01,5.039985142648294447e-01,6.829272458727316808e-01,4.577284348789883994e-01,1.000000000000000000e+00,5.399699416639294758e-02,-1.048893484792703668e-01,5.801275248499876414e-01,3.188928981211410218e-01,1.967152696183474825e-01,6.471669905658954114e-02,2.661900615793045821e-01,-5.599051870596762764e-02,5.577125462715271098e-01,4.184216308391193739e-01,4.551037342342012515e-01,7.315817574181208149e-01,1.991161582094102822e-01,7.291732905294447953e-01,5.206272313189039824e-01,2.795340987713932357e-01,5.417554689721809646e-01,-1.558842725988498178e-02,1.250752400075580140e-01,5.086109591932732980e-03,2.879619875353974234e-01,1.758940004716665617e-01,4.342815412362375782e-01,5.890180350572501444e-01,-3.522613057758944843e-01,5.605261442214453105e-01,2.372221942579442466e-01,-3.893133718611750393e-01,2.856687280268613849e-01,1.503963786332463692e-01,2.847555629462572013e-01
1.158842551819723871e-01,8.652310417963475497e-02,2.534898430791007184e-01,-1.013652202136263933e-02,2.042003239093012901e-01,2.111392429971179485e-01,1.460350830627685503e-01,5.399699416639294758e-02,1.000000000000000000e+00,1.230440231465145945e-01,1.951398032331234378e-01,2.923311342011465919e-01,3.078527856849527788e-02,2.685782697122567897e-01,2.455156882961252174e-01,3.522703695348837760e-01,2.659328754722861676e-01,1.378885084485355350e-01,1.540003852255669714e-01,1.144724762865799439e-01,-9.096824662534613859e-02,1.628943374851132275e-01,3.332449172454302611e-01,1.969007980654859380e-01,1.856407344671497928e-01,2.478083802863950413e-01,2.750545554471351961e-01,-3.219881620301314612e-02,2.559030614055436970e-01,1.670342608604440948e-01,1.984210653560912752e-01,2.163591477957436116e-01,5.125678810745488978e-02,2.301991985568975774e-01,2.197084453829762918e-01,3.154869914358871541e-01,2.031538404869136505e-01,2.905855014624958987e-01,4.313312636019667745e-01
1.743133615136033265e-01,4.573638873550690542e-01,3.869106193300544949e-02,1.500651542109417884e-03,1.811000808070447887e-01,-6.776116658158551354e-02,1.932935927848338509e-01,-1.048893484792703668e-01,1.230440231465145945e-01,1.000000000000000000e+00,-2.347345713792911293e-01,3.654859411016129211e-01,8.131698887625053718e-02,-5.127054164847602569e-02,1.304246539354195489e-01,3.815008107472769305e-01,-1.443799624669346408e-02,-2.388226276681891525e-01,-2.486762610153046282e-01,-1.628528523044933951e-01,1.357417091146033705e-01,-3.629889643920724412e-02,-1.203634009486840711e-01,-1.062728112429381366e-01,5.080150375229924853e-02,-2.602479228795033257e-03,-3.968066241197936751e-03,-2.028484333571636128e-02,4.852452692743478013e-02,3.126326240120115285e-01,5.620725929828699480e-02,-8.659345575628882297e-02,1.046339945298865731e-01,1.225618789753497584e-01,-6.031146381893425640e-02,1.873583641330240634e-01,-5.754551515028242387e-02,-6.345699646385402626e-02,1.150461843028283415e-01
-3.528894008940410276e-01,-4.854413098481757949e-01,3.763232327193773846e-02,2.483265943503725481e-01,5.330303965560965196e-01,6.725811465927505894e-01,4.727688461814430476e-01,5.801275248499876414e-01,1.951398032331234378e-01,-2.347345713792911293e-01,1.000000000000000000e+00,2.805214267675315010e-01,3.042858467782164622e-01,1.388194615245887664e-01,2.933591286574923629e-01,5.183662690542736829e-04,6.963311378041355804e-01,5.343023792069088174e-01,6.136200805389177004e-01,6.650215435544331033e-01,-1.327334715529403242e-01,6.549196541798341098e-01,6.678423017293692032e-01,4.250382282825757585e-01,6.101196370224281074e-01,-1.752693976622243521e-01,7.463275850056740046e-02,-1.502508780448610914e-01,2.295061829676040277e-01,7.827758766876463659e-02,2.852941010630160590e-01,7.198760626793184736e-01,-4.650356208609863207e-01,5.733354815799630577e-01,3.029285780945680240e-01,-3.606280407818459044e-01,3.218499653847292086e-01,1.495996612618381294e-01,1.346075442597633176e-01
-3.191821081352265166e-01,3.039157667202111932e-02,-1.017711153031322126e-02,-1.163951564193383137e-01,4.592923835693989987e-01,4.846206449113587000e-01,5.255484995265284898e-01,3.188928981211410218e-01,2.923311342011465919e-01,3.654859411016129211e-01,2.805214267675315010e-01,1.000000000000000000e+00,3.205293857300635096e-01,5.786985047619382788e-02,2.698713367493586479e-01,9.164887275263845778e-02,5.896008243227438550e-01,-1.783750792412009886e-02,1.394685017707714136e-01,1.698795263608689765e-01,-6.633255835717709673e-03,4.699144082634163500e-01,3.780746368970027138e-01,1.580140990705168058e-01,4.491449729957857628e-01,-3.606615315564002527e-02,2.393430442480660725e-01,-8.786078368489408374e-02,3.675294458547969656e-01,3.653548504509936956e-01,4.044640446367300801e-01,3.275464793532653074e-01,-6.173273983066217274e-02,5.446905947428469785e-01,2.121348365828251148e-01,-3.414373166097585677e-01,2.008044965233675705e-01,-5.765686826996651443e-02,3.580682568944208444e-01
-2.295143336055494865e-01,-2.905825067849890711e-02,2.095232644793554866e-01,3.617349472301160107e-01,4.704894435953724252e-01,3.934054902731031200e-01,5.907266349767019697e-01,1.967152696183474825e-01,3.078527856849527788e-02,8.131698887625053718e-02,3.042858467782164622e-01,3.205293857300635096e-01,1.000000000000000000e+00,1.075301830886108284e-01,-1.123228615145721761e-02,-4.465044599229427147e-02,3.174798257537928547e-01,2.308623877099905131e-01,3.007516289187896485e-01,2.528347700872796699e-01,1.849396864194881307e-01,4.396793484980587308e-01,1.949031911781592408e-01,-3.367832775730716238e-02,3.087455510325156083e-01,-1.223065516086776217e-01,2.571276913479096926e-01,1.848512222411657635e-01,1.115587734993177815e-01,-2.758489947751498472e-01,4.171436687934412246e-01,4.012399522770551674e-01,1.097397939810107192e-01,1.543050475808658284e-01,2.549684322851564211e-01,-2.041501329851495017e-01,3.229452265585730508e-01,-2.693777426961532218e-01,3.454671750331909930e-02
4.970082994466765852e-02,4.498230146676630153e-02,-6.485113886382534720e-02,-4.333426838353465760e-02,1.546370161915700502e-02,1.545475390910041324e-01,7.266890560926725362e-02,6.471669905658954114e-02,2.685782697122567897e-01,-5.127054164847602569e-02,1.388194615245887664e-01,5.786985047619382788e-02,1.075301830886108284e-01,1.000000000000000000e+00,-1.367003658831965895e-01,3.373172988565286551e-02,1.236519442333976204e-01,-2.663720701424550016e-02,1.264572895587985114e-02,4.242971339925712126e-02,2.138937953414485615e-01,8.422479283841190212e-02,3.743587339785784951e-01,4.384988289117371374e-01,2.913642058089123688e-01,1.177814302491488052e-01,1.694830037683352497e-01,2.634687637237405067e-01,1.209017604208576652e-01,-2.099744116000625827e-01,3.567725643858684070e-01,1.955706666232308044e-01,1.120225183608676012e-01,-4.179402905269156282e-02,5.517575374060103011e-01,1.501886667959251853e-01,4.837119777024622702e-01,-4.866859828389930726e-03,1.629161062440667163e-01
9.415117085047264300e-02,-1.217021731312954574e-01,1.348441469216031807e-01,4.270061024772157238e-02,3.074685847483969448e-01,2.869916754164639205e-01,1.085883494598477161e-01,2.661900615793045821e-01,2.455156882961252174e-01,1.304246539354195489e-01,2.933591286574923629e-01,2.698713367493586479e-01,-1.123228615145721761e-02,-1.367003658831965895e-01,1.000000000000000000e+00,3.285090916952986273e-01,2.508555568112020295e-01,3.035388676415192236e-02,2.365092735689733675e-02,3.162345218093825516e-01,-1.028035845862541042e-01,1.552439724146508770e-01,1.978887501527218096e-01,5.670244168940884177e-02,1.029223013477392895e-01,6.473052720731863052e-02,-1.609722525976703955e-01,5.146441563829479843e-02,3.173792281540475657e-01,5.754048992544110730e-01,-7.237953616499130660e-02,2.231361261102681737e-01,-3.095171838691350152e-01,6.285355502021264806e-01,-6.913056689324556525e-02,-1.283424855005264043e-01,-6.331240097795579058e-02,3.663827304119527395e-01,4.587051292397731350e-02
4.452599681274532206e-01,1.772196685739327870e-01,2.431537984903602290e-01,1.968226118461336716e-01,1.174939077228421697e-01,-1.753113010414857412e-02,1.356274149661907125e-01,-5.599051870596762764e-02,3.522703695348837760e-01,3.815008107472769305e-01,5.183662690542736829e-04,9.164887275263845778e-02,-4.465044599229427147e-02,3.373172988565286551e-02,3.285090916952986273e-01,1.000000000000000000e+00,5.472059912085625727e-02,3.636166704754689033e-02,1.964283913826870339e-03,-2.624053385095965335e-02,-8.014584613770356358e-02,-4.652882435987099746e-02,1.566738187499855939e-01,1.321188245693238894e-01,3.535214218291830857e-02,1.775699208589578137e-01,-4.975673024358337471e-02,1.453351926888115653e-01,1.794498215746066494e-01,2.384008152446828177e-01,-3.814148379516280746e-02,3.715086253612884942e-02,-5.614850473419955371e-03,9.314197007453885180e-02,-1.118930039248181192e-02,4.319137591475085136e-01,-8.194493459580537431e-02,2.776004687514803670e-01,3.740928408666419763e-02
-4.251526638435675909e-01,-3.843193866153111204e-01,-3.444490725453035196e-02,8.416597966867866987e-02,5.435712169391685444e-01,7.183479805710454302e-01,5.388911902540386434e-01,5.577125462715271098e-01,2.659328754722861676e-01,-1.443799624669346408e-02,6.963311378041355804e-01,5.896008243227438550e-01,3.174798257537928547e-01,1.236519442333976204e-01,2.508555568112020295e-01,5.472059912085625727e-02,1.000000000000000000e+00,3.065536855362644975e-01,4.480459526799475678e-01,5.074223162136114462e-01,-9.125970601290392392e-02,6.466208826092424422e-01,6.806240058985316699e-01,3.927965564958764144e-01,6.434999539094161669e-01,-1.221191656295958633e-01,1.400354493589845428e-01,-1.595491461536387989e-01,4.054329241065488532e-01,1.994014573836318249e-01,4.322853144292900240e-01,5.176442523679584129e-01,-2.658222448764362422e-01,6.007014555448193516e-01,3.829115486221417730e-01,-3.498546453228001951e-01,2.713670895527292015e-01,-2.556025282085826449e-03,2.062207103687122567e-01
-1.224492056131307738e-01,-2.703471824777049504e-01,2.000163793122251843e-01,4.460171550710003707e-01,4.466172731355473879e-01,3.473229428322373580e-01,3.784700359961120641e-01,4.184216308391193739e-01,1.378885084485355350e-01,-2.388226276681891525e-01,5.343023792069088174e-01,-1.783750792412009886e-02,2.308623877099905131e-01,-2.663720701424550016e-02,3.035388676415192236e-02,3.636166704754689033e-02,3.065536855362644975e-01,1.000000000000000000e+00,7.756472211561693531e-01,6.383660602172634979e-01,-5.296458197839493121e-02,5.559898638581330932e-01,2.903713227353470483e-01,1.061876425462241619e-01,2.486262722373589196e-01,5.087974632000787090e-02,1.332868364278484985e-01,-7.357288448283043347e-02,4.623260895371070905e-02,-1.851294375129494685e-01,1.437330313457757247e-01,4.465865906246879180e-01,-3.579662045181629115e-01,2.049186189117204182e-01,1.047081237647557589e-01,-7.211620417855968412e-02,2.447478317306808759e-01,2.945925120028609068e-01,2.286385641859793594e-01
-2.702935776651084199e-01,-2.660203877660894389e-01,1.795252309984807226e-01,4.030565973367554733e-01,5.629256428716270522e-01,4.411791108213038992e-01,5.188568846389020051e-01,4.551037342342012515e-01,1.540003852255669714e-01,-2.486762610153046282e-01,6.136200805389177004e-01,1.394685017707714136e-01,3.007516289187896485e-01,1.264572895587985114e-02,2.365092735689733675e-02,1.964283913826870339e-03,4.480459526799475678e-01,7.756472211561693531e-01,1.000000000000000000e+00,5.676376830066467427e-01,-1.749339569159873153e-01,6.333409706867343392e-01,3.674699839070771357e-01,1.515126584852248548e-01,4.171521981275270186e-01,-9.845561982076388163e-02,2.679407734401335062e-01,-2.068456307756167400e-01,2.397202926082595692e-02,-1.896866262613301213e-01,2.284652269216779774e-01,5.264214133434993448e-01,-3.642951036440087997e-01,2.236062107872339444e-01,1.059039341478961865e-01,-2.051372605758879919e-01,2.780313141225650986e-01,1.452338624218071639e-01,1.666634198091034302e-01
-2.172124749257628440e-01,-3.569890828879484501e-01,1.202993949748286662e-01,2.901464170335408821e-01,5.226735835361282501e-01,6.593711984089511979e-01,4.241579359563780183e-01,7.315817574181208149e-01,1.144724762865799439e-01,-1.628528523044933951e-01,6.650215435544331033e-01,1.698795263608689765e-01,2.528347700872796699e-01,4.242971339925712126e-02,3.162345218093825516e-01,-2.624053385095965335e-02,5.074223162136114462e-01,6.383660602172634979e-01,5.676376830066467427e-01,1.000000000000000000e+00,1.461588477133143604e-01,7.494406165266658260e-01,5.112922842544359581e-01,2.263984802153387876e-01,4.779293572193039630e-01,1.246941527227489466e-01,1.256635157138804304e-01,6.746103530389500891e-02,2.708332708358633378e-01,1.336035726058097395e-01,2.941422539538287029e-01,5.975711544588696578e-01,-4.247692500457888043e-01,5.528364321480581101e-01,2.018637831013602169e-01,-3.028997027776478279e-01,3.108722423968459103e-01,2.335105475133519015e-01,2.203569996476387460e-01
3.981233145092009235e-02,1.659834282006975581e-01,-2.939101919493769879e-02,-5.349493463944966776e-02,5.195363617371856479e-03,1.674388640646733498e-02,9.792778297876462978e-02,1.991161582094102822e-01,-9.096824662534613859e-02,1.357417091146033705e-01,-1.327334715529403242e-01,-6.633255835717709673e-03,1.849396864194881307e-01,2.138937953414485615e-01,-1.028035845862541042e-01,-8.014584613770356358e-02,-9.125970601290392392e-02,-5.296458197839493121e-02,-1.749339569159873153e-01,1.461588477133143604e-01,1.000000000000000000e+00,1.396080892782279592e-01,-7.067083364055824768e-02,-4.147977960893759614e-02,1.342426778981614666e-02,1.719447772450045930e-01,7.095855888992765037e-02,3.366945962669360415e-01,-2.318180403072329920e-02,-1.449518140299198565e-01,2.249181629708754959e-01,1.631971019859759786e-02,3.333349659025196532e-01,-4.610409505943421221e-02,9.938978278952483036e-02,6.155050331498689020e-02,1.393371442005896799e-01,-2.047664559775969409e-02,1.388584805521878851e-01
-4.299365049021989793e-01,-2.322433865583757584e-01,6.135110834642696492e-02,2.134458485290043617e-01,6.647734085267575921e-01,7.320714042469854688e-01,6.835967764021528836e-01,7.291732905294447953e-01,1.628943374851132275e-01,-3.629889643920724412e-02,6.549196541798341098e-01,4.699144082634163500e-01,4.396793484980587308e-01,8.422479283841190212e-02,1.552439724146508770e-01,-4.652882435987099746e-02,6.466208826092424422e-01,5.559898638581330932e-01,6.333409706867343392e-01,7.494406165266658260e-01,1.396080892782279592e-01,1.000000000000000000e+00,5.131411600917158422e-01,2.282470533673532642e-01,5.986723600364401987e-01,-6.554259410507757774e-03,3.663175794782572714e-01,-4.718276808725331561e-02,2.805915167047817738e-01,8.052625905339079460e-02,5.482506335019493582e-01,6.763133240867705842e-01,-3.069693047039156464e-01,5.448782612757695487e-01,2.636103687516945793e-01,-4.103651060379249760e-01,3.839586663821777379e-01,6.892953774220698937e-02,3.536338025842124533e-01
-2.529926459690206575e-01,-3.606632163207034170e-01,-2.445518543024282482e-02,1.452455344242918056e-01,3.809342567825013126e-01,7.108307470726390465e-01,3.902908288088848265e-01,5.206272313189039824e-01,3.332449172454302611e-01,-1.203634009486840711e-01,6.678423017293692032e-01,3.780746368970027138e-01,1.949031911781592408e-01,3.743587339785784951e-01,1.978887501527218096e-01,1.566738187499855939e-01,6.806240058985316699e-01,2.903713227353470483e-01,3.674699839070771357e-01,5.112922842544359581e-01,-7.067083364055824768e-02,5.131411600917158422e-01,1.000000000000000000e+00,6.460827241703278601e-01,7.608027716766410098e-01,3.370244579719042927e-02,1.092768786681849597e-01,8.983640142190700562e-02,4.529619116537587642e-01,1.037123172125163362e-01,4.234856335762393065e-01,5.786649195503088539e-01,-3.519955031122358746e-01,5.059670283363814081e-01,4.926631162802155295e-01,-2.070370819294594378e-01,3.934446823198604060e-01,7.657909111150486281e-02,2.049959966630113817e-01
-1.108351716445371282e-01,-1.607522578477529884e-01,-1.220927736302886424e-01,-1.049557212459076017e-01,5.944111547520054828e-02,3.514948291947567194e-01,8.516896584255810587e-02,2.795340987713932357e-01,1.969007980654859380e-01,-1.062728112429381366e-01,4.250382282825757585e-01,1.580140990705168058e-01,-3.367832775730716238e-02,4.384988289117371374e-01,5.670244168940884177e-02,1.321188245693238894e-01,3.927965564958764144e-01,1.061876425462241619e-01,1.515126584852248548e-01,2.263984802153387876e-01,-4.147977960893759614e-02,2.282470533673532642e-01,6.460827241703278601e-01,1.000000000000000000e+00,5.798186493295103272e-01,4.544745091622021810e-02,3.886491742691094986e-02,2.265217567962575507e-02,2.983023164470131050e-01,1.020988950817734164e-01,2.283222788860801711e-01,3.753056838342854196e-01,-2.560623186374165750e-01,2.743141196592891462e-01,4.778125820153974468e-01,-8.463926096449216063e-02,3.849462317978239456e-01,4.056901626517991216e-02,8.972102462510314624e-02
-3.583827291643491009e-01,-1.834719919855886117e-01,-9.618858966794446852e-02,1.378053934073084075e-01,4.713140990625517279e-01,6.865448916863546858e-01,5.291237340661060218e-01,5.417554689721809646e-01,1.856407344671497928e-01,5.080150375229924853e-02,6.101196370224281074e-01,4.491449729957857628e-01,3.087455510325156083e-01,2.913642058089123688e-01,1.029223013477392895e-01,3.535214218291830857e-02,6.434999539094161669e-01,2.486262722373589196e-01,4.171521981275270186e-01,4.779293572193039630e-01,1.342426778981614666e-02,5.986723600364401987e-01,7.608027716766410098e-01,5.798186493295103272e-01,1.000000000000000000e+00,-1.362471842238479058e-01,2.275751618929834352e-01,-9.001240568361848493e-02,2.240696531250319645e-01,5.397245980692148837e-02,5.030718463517807049e-01,5.629596093597720730e-01,-3.482409835711824941e-01,4.783085700157779785e-01,3.096111335373358253e-01,-2.986909836567940291e-01,4.553922268998624179e-01,-8.180013211373504678e-02,1.721768896411506322e-01
4.090043880485496053e-01,2.467395152906211586e-01,2.877452734952113955e-01,-1.168762951873974637e-01,-1.769487676457807135e-01,-1.003393940036461209e-03,-1.521583979432111211e-01,-1.558842725988498178e-02,2.478083802863950413e-01,-2.602479228795033257e-03,-1.752693976622243521e-01,-3.606615315564002527e-02,-1.223065516086776217e-01,1.177814302491488052e-01,6.473052720731863052e-02,1.775699208589578137e-01,-1.221191656295958633e-01,5.087974632000787090e-02,-9.845561982076388163e-02,1.246941527227489466e-01,1.719447772450045930e-01,-6.554259410507757774e-03,3.370244579719042927e-02,4.544745091622021810e-02,-1.362471842238479058e-01,1.000000000000000000e+00,2.912451555273039006e-01,4.504460490099459480e-01,3.563339117240819642e-01,1.016779569698478547e-01,1.691862487315812236e-02,5.491608431971362579e-03,8.174228338430285234e-02,-3.532583129889730472e-02,5.538846856150514419e-02,1.951667990609803893e-01,6.154908280777982715e-02,2.995566549384189869e-01,2.885030867477736960e-01
-5.767449118277373499e-02,3.130917124592107470e-01,2.007444849736634285e-01,-4.068205779744618611e-02,1.992377430545018147e-01,1.907372653286162623e-01,3.347061260561094986e-01,1.250752400075580140e-01,2.750545554471351961e-01,-3.968066241197936751e-03,7.463275850056740046e-02,2.393430442480660725e-01,2.571276913479096926e-01,1.694830037683352497e-01,-1.609722525976703955e-01,-4.975673024358337471e-02,1.400354493589845428e-01,1.332868364278484985e-01,2.679407734401335062e-01,1.256635157138804304e-01,7.095855888992765037e-02,3.663175794782572714e-01,1.092768786681849597e-01,3.886491742691094986e-02,2.275751618929834352e-01,2.912451555273039006e-01,1.000000000000000000e+00,2.249898375500698419e-03,1.025046249710314522e-02,-9.067949799916086295e-02,4.366640038153615233e-01,2.840831079504320678e-01,5.995496593423344650e-02,-2.701375167651331316e-02,1.027600772269576940e-01,1.039259739141339470e-02,3.536913535700024758e-01,1.983346405944328220e-02,3.366197779824123826e-01
2.837747014200555640e-01,1.169089058330838038e-01,2.081372059464475233e-01,2.048334140577650619e-01,-2.821814036501400086e-02,5.956006429614202347e-02,2.542344831748645853e-02,5.086109591932732980e-03,-3.219881620301314612e-02,-2.028484333571636128e-02,-1.502508780448610914e-01,-8.786078368489408374e-02,1.848512222411657635e-01,2.634687637237405067e-01,5.146441563829479843e-02,1.453351926888115653e-01,-1.595491461536387989e-01,-7.357288448283043347e-02,-2.068456307756167400e-01,6.746103530389500891e-02,3.366945962669360415e-01,-4.718276808725331561e-02,8.983640142190700562e-02,2.265217567962575507e-02,-9.001240568361848493e-02,4.504460490099459480e-01,2.249898375500698419e-03,1.000000000000000000e+00,2.992227634519153967e-01,-1.016406096607495729e-01,1.671870650739032960e-01,2.878064959077090371e-03,1.961143416660859617e-01,-2.202245798776707522e-02,1.761351705875949802e-01,8.556098921081436992e-02,2.573824367136038141e-02,1.115104470440305418e-01,4.943709879948708641e-02
-1.483677204375044578e-01,-2.518821753575195554e-01,7.451220623181638303e-02,-9.133237255921124176e-02,1.462297340453011241e-01,5.249149261552362722e-01,1.219366554393713914e-01,2.879619875353974234e-01,2.559030614055436970e-01,4.852452692743478013e-02,2.295061829676040277e-01,3.675294458547969656e-01,1.115587734993177815e-01,1.209017604208576652e-01,3.173792281540475657e-01,1.794498215746066494e-01,4.054329241065488532e-01,4.623260895371070905e-02,2.397202926082595692e-02,2.708332708358633378e-01,-2.318180403072329920e-02,2.805915167047817738e-01,4.529619116537587642e-01,2.983023164470131050e-01,2.240696531250319645e-01,3.563339117240819642e-01,1.025046249710314522e-02,2.992227634519153967e-01,1.000000000000000000e+00,2.926006540990264138e-01,1.936588729657173769e-01,3.482616877305288461e-01,-9.551147147214718303e-02,3.871104512440120549e-01,4.777722414210156532e-01,-2.092965076295046911e-01,9.475074077695350150e-02,6.077978822133785208e-02,1.841922599283491724e-01
2.676774359453697183e-02,-4.038783306997249800e-02,-3.180157978500362109e-02,-2.661022472228896096e-01,7.005420473204530818e-02,1.882731240589683164e-01,-5.300340906560253862e-02,1.758940004716665617e-01,1.670342608604440948e-01,3.126326240120115285e-01,7.827758766876463659e-02,3.653548504509936956e-01,-2.758489947751498472e-01,-2.099744116000625827e-01,5.754048992544110730e-01,2.384008152446828177e-01,1.994014573836318249e-01,-1.851294375129494685e-01,-1.896866262613301213e-01,1.336035726058097395e-01,-1.449518140299198565e-01,8.052625905339079460e-02,1.037123172125163362e-01,1.020988950817734164e-01,5.397245980692148837e-02,1.016779569698478547e-01,-9.067949799916086295e-02,-1.016406096607495729e-01,2.926006540990264138e-01,1.000000000000000000e+00,6.672259703213240939e-03,1.363679482566574619e-01,-2.914543141414938088e-01,5.716463901302897277e-01,-5.454897537447405548e-02,-1.641028144549608880e-01,-6.649317341322057151e-02,2.659276998766640920e-01,1.546709017627386773e-01
-2.942726549030909577e-01,-4.463488099281687216e-02,-5.374944359018504064e-02,6.556609678337631253e-02,4.119503439001506728e-01,5.285576286279456415e-01,5.398800283004592249e-01,4.342815412362375782e-01,1.984210653560912752e-01,5.620725929828699480e-02,2.852941010630160590e-01,4.044640446367300801e-01,4.171436687934412246e-01,3.567725643858684070e-01,-7.237953616499130660e-02,-3.814148379516280746e-02,4.322853144292900240e-01,1.437330313457757247e-01,2.284652269216779774e-01,2.941422539538287029e-01,2.249181629708754959e-01,5.482506335019493582e-01,4.234856335762393065e-01,2.283222788860801711e-01,5.030718463517807049e-01,1.691862487315812236e-02,4.366640038153615233e-01,1.671870650739032960e-01,1.936588729657173769e-01,6.672259703213240939e-03,1.000000000000000000e+00,4.730131818108879727e-01,-5.163290891273464994e-02,2.903416951551713310e-01,4.081622255658904352e-01,-1.849253826883341945e-01,5.340028982885834941e-01,-8.828392004148569172e-02,2.813929907426400701e-01
-2.852209829304159783e-01,-2.801025428463760902e-01,7.428794201650519569e-02,1.803494849702254599e-01,5.000716027280976972e-01,6.727586711237858452e-01,5.029179448536501562e-01,5.890180350572501444e-01,2.163591477957436116e-01,-8.659345575628882297e-02,7.198760626793184736e-01,3.275464793532653074e-01,4.012399522770551674e-01,1.955706666232308044e-01,2.231361261102681737e-01,3.715086253612884942e-02,5.176442523679584129e-01,4.465865906246879180e-01,5.264214133434993448e-01,5.975711544588696578e-01,1.631971019859759786e-02,6.763133240867705842e-01,5.786649195503088539e-01,3.753056838342854196e-01,5.629596093597720730e-01,5.491608431971362579e-03,2.840831079504320678e-01,2.878064959077090371e-03,3.482616877305288461e-01,1.363679482566574619e-01,4.730131818108879727e-01,1.000000000000000000e+00,-3.773503486569821930e-01,4.892610825357731064e-01,3.936914946265382964e-01,-3.292657628960610205e-01,5.196493412803588896e-01,1.670439057198946919e-01,2.609049181568120490e-01
1.210559013624314395e-01,2.473279510849339946e-01,8.033774081600546235e-02,-1.954426070141822291e-01,-2.578345515887376926e-01,-3.558371383198304927e-01,-1.315244379952173748e-01,-3.522613057758944843e-01,5.125678810745488978e-02,1.046339945298865731e-01,-4.650356208609863207e-01,-6.173273983066217274e-02,1.097397939810107192e-01,1.120225183608676012e-01,-3.095171838691350152e-01,-5.614850473419955371e-03,-2.658222448764362422e-01,-3.579662045181629115e-01,-3.642951036440087997e-01,-4.247692500457888043e-01,3.333349659025196532e-01,-3.069693047039156464e-01,-3.519955031122358746e-01,-2.560623186374165750e-01,-3.482409835711824941e-01,8.174228338430285234e-02,5.995496593423344650e-02,1.961143416660859617e-01,-9.551147147214718303e-02,-2.914543141414938088e-01,-5.163290891273464994e-02,-3.773503486569821930e-01,1.000000000000000000e+00,-4.500716694225456171e-01,1.483602029512347265e-02,2.913443439159055237e-01,-1.046116549373098115e-01,-2.405799568314710424e-01,1.289449321568492991e-02
-2.696839142847103910e-01,-2.849888656357426608e-01,-1.099376260405366020e-02,4.869283230663024042e-02,5.196003848453671914e-01,6.185158203737155524e-01,3.752117293355186622e-01,5.605261442214453105e-01,2.301991985568975774e-01,1.225618789753497584e-01,5.733354815799630577e-01,5.446905947428469785e-01,1.543050475808658284e-01,-4.179402905269156282e-02,6.285355502021264806e-01,9.314197007453885180e-02,6.007014555448193516e-01,2.049186189117204182e-01,2.236062107872339444e-01,5.528364321480581101e-01,-4.610409505943421221e-02,5.448782612757695487e-01,5.059670283363814081e-01,2.743141196592891462e-01,4.783085700157779785e-01,-3.532583129889730472e-02,-2.701375167651331316e-02,-2.202245798776707522e-02,3.871104512440120549e-01,5.716463901302897277e-01,2.903416951551713310e-01,4.892610825357731064e-01,-4.500716694225456171e-01,1.000000000000000000e+00,1.395664204987523416e-01,-4.568136135557822053e-01,1.444645088536536115e-01,1.835777947385128228e-01,2.133832194309374652e-01
-1.556190200176258143e-01,-1.747605737241795243e-01,-8.079711722791768636e-02,-1.507234661253864516e-01,8.387667598221511256e-02,4.097668793369630413e-01,1.336808120102709330e-01,2.372221942579442466e-01,2.197084453829762918e-01,-6.031146381893425640e-02,3.029285780945680240e-01,2.121348365828251148e-01,2.549684322851564211e-01,5.517575374060103011e-01,-6.913056689324556525e-02,-1.118930039248181192e-02,3.829115486221417730e-01,1.047081237647557589e-01,1.059039341478961865e-01,2.018637831013602169e-01,9.938978278952483036e-02,2.636103687516945793e-01,4.926631162802155295e-01,4.778125820153974468e-01,3.096111335373358253e-01,5.538846856150514419e-02,1.027600772269576940e-01,1.761351705875949802e-01,4.777722414210156532e-01,-5.454897537447405548e-02,4.081622255658904352e-01,3.936914946265382964e-01,1.483602029512347265e-02,1.395664204987523416e-01,1.000000000000000000e+00,7.984463153799060747e-04,5.855108354770686141e-01,-3.810739707519712749e-02,1.875136084807403625e-01
6.146756330323526196e-01,4.275387801889772299e-01,2.038234526548903525e-01,2.693421552090407081e-02,-2.658818123498947195e-01,-4.265227105967128729e-01,-2.778356158569972867e-01,-3.893133718611750393e-01,3.154869914358871541e-01,1.873583641330240634e-01,-3.606280407818459044e-01,-3.414373166097585677e-01,-2.041501329851495017e-01,1.501886667959251853e-01,-1.283424855005264043e-01,4.319137591475085136e-01,-3.498546453228001951e-01,-7.211620417855968412e-02,-2.051372605758879919e-01,-3.028997027776478279e-01,6.155050331498689020e-02,-4.103651060379249760e-01,-2.070370819294594378e-01,-8.463926096449216063e-02,-2.986909836567940291e-01,1.951667990609803893e-01,1.039259739141339470e-02,8.556098921081436992e-02,-2.092965076295046911e-01,-1.641028144549608880e-01,-1.849253826883341945e-01,-3.292657628960610205e-01,2.913443439159055237e-01,-4.568136135557822053e-01,7.984463153799060747e-04,1.000000000000000000e+00,-1.775178856499468744e-02,2.679243668320377414e-01,1.062229152746403393e-01
-7.902153782550384864e-02,3.722578492286392204e-02,-1.539184986162866944e-03,-7.176828133986155878e-02,2.180557773826933277e-01,4.045407857793986151e-01,2.749131701634275893e-01,2.856687280268613849e-01,2.031538404869136505e-01,-5.754551515028242387e-02,3.218499653847292086e-01,2.008044965233675705e-01,3.229452265585730508e-01,4.837119777024622702e-01,-6.331240097795579058e-02,-8.194493459580537431e-02,2.713670895527292015e-01,2.447478317306808759e-01,2.780313141225650986e-01,3.108722423968459103e-01,1.393371442005896799e-01,3.839586663821777379e-01,3.934446823198604060e-01,3.849462317978239456e-01,4.553922268998624179e-01,6.154908280777982715e-02,3.536913535700024758e-01,2.573824367136038141e-02,9.475074077695350150e-02,-6.649317341322057151e-02,5.340028982885834941e-01,5.196493412803588896e-01,-1.046116549373098115e-01,1.444645088536536115e-01,5.855108354770686141e-01,-1.775178856499468744e-02,1.000000000000000000e+00,4.794190061200129943e-02,2.590885962599305814e-01
3.734955561794104373e-01,1.118733134795544676e-01,5.684729707139405536e-02,3.835223672059408923e-02,4.627308478492901667e-02,5.238526635475146409e-02,-7.653419666225225182e-02,1.503963786332463692e-01,2.905855014624958987e-01,-6.345699646385402626e-02,1.495996612618381294e-01,-5.765686826996651443e-02,-2.693777426961532218e-01,-4.866859828389930726e-03,3.663827304119527395e-01,2.776004687514803670e-01,-2.556025282085826449e-03,2.945925120028609068e-01,1.452338624218071639e-01,2.335105475133519015e-01,-2.047664559775969409e-02,6.892953774220698937e-02,7.657909111150486281e-02,4.056901626517991216e-02,-8.180013211373504678e-02,2.995566549384189869e-01,1.983346405944328220e-02,1.115104470440305418e-01,6.077978822133785208e-02,2.659276998766640920e-01,-8.828392004148569172e-02,1.670439057198946919e-01,-2.405799568314710424e-01,1.835777947385128228e-01,-3.810739707519712749e-02,2.679243668320377414e-01,4.794190061200129943e-02,1.000000000000000000e+00,4.649106585601219255e-01
3.375409641108139541e-02,2.136049102741069405e-01,-7.642022560747541160e-02,-1.227127055978994297e-01,1.972273572168250777e-01,2.852616830821715355e-01,2.147342095767899306e-01,2.847555629462572013e-01,4.313312636019667745e-01,1.150461843028283415e-01,1.346075442597633176e-01,3.580682568944208444e-01,3.454671750331909930e-02,1.629161062440667163e-01,4.587051292397731350e-02,3.740928408666419763e-02,2.062207103687122567e-01,2.286385641859793594e-01,1.666634198091034302e-01,2.203569996476387460e-01,1.388584805521878851e-01,3.536338025842124533e-01,2.049959966630113817e-01,8.972102462510314624e-02,1.721768896411506322e-01,2.885030867477736960e-01,3.366197779824123826e-01,4.943709879948708641e-02,1.841922599283491724e-01,1.546709017627386773e-01,2.813929907426400701e-01,2.609049181568120490e-01,1.289449321568492991e-02,2.133832194309374652e-01,1.875136084807403625e-01,1.062229152746403393e-01,2.590885962599305814e-01,4.649106585601219255e-01,1.000000000000000000e+00
