1.000000000000000000e+00,3.013799319560828138e-01,1.858174484185452502e-01,1.319634162476331918e-01,-2.256700801719369737e-02,5.306216263105421188e-02,1.579080166397442142e-01,-1.061268885747227581e-01,4.553920791295688608e-01,8.051122583354507894e-03,5.410987768692757105e-02,5.965238167031548799e-02,1.219271815820943267e-01,3.020512340366365289e-01,-2.720654835625498438e-02,8.138834322831979551e-02,-9.617358854443674998e-03,3.942924250134619696e-02,1.330895511835986089e-01,4.423457762326141879e-02,-8.193987163634026266e-03,2.548394965796418540e-02,-6.394881996181518702e-02,3.353857671714210315e-02,7.270303440021883001e-02,2.296928963203824781e-01,-3.463765213471568100e-02,1.120614004625534732e-01,1.515098837141920229e-01,-2.513036122289213914e-01,1.475547453484894467e-01,5.039144911870947763e-02,2.085749513992337101e-01,6.963750048156090115e-04,4.458802352732534752e-02,8.530965975733990903e-02,-1.880434377035196739e-02,7.013564358461835124e-02,-1.761240454348878826e-01
3.013799319560828138e-01,1.000000000000000000e+00,4.005111944881630248e-01,4.601557979410014765e-02,-5.812574612983056714e-03,9.778106910223396953e-02,-1.213252244958525593e-02,-1.401878356355740207e-01,3.581537526929834958e-01,3.300345134801904168e-01,3.067475898117620892e-01,3.208691682682587865e-01,3.459430440080909497e-01,1.655029022274474571e-01,7.577985782978065299e-02,2.355542781656075890e-01,3.266792582189053176e-03,4.956887257908893646e-02,2.427698297630752344e-01,1.163857522271550399e-01,1.549728523843690864e-01,1.350695813472568285e-01,-2.605906400247114119e-02,1.986058356716766671e-01,2.363305464907364817e-01,2.484871080649794506e-01,3.911958362424858282e-01,3.382031939425867578e-02,8.092402265797282723e-02,7.657803725930736882e-02,2.290825985844013868e-01,3.966599678036571985e-01,2.293036813071971380e-01,5.417358892108525142e-02,9.488310922508241818e-02,1.857073044657494842e-01,3.620472779218455450e-01,3.146953755790061688e-03,3.342859782567461080e-01
1.858174484185452502e-01,4.005111944881630248e-01,1.000000000000000000e+00,1.206472514649041122e-01,-4.562662759318113215e-02,8.879260397271176997e-02,-1.179496305392960936e-01,-3.015799954657294446e-01,3.263200395970813350e-01,1.525067122106600892e-01,1.481597021162817107e-01,2.032222891514423591e-01,1.166804966857189763e-01,1.722390992201678142e-02,7.688012621611524334e-04,3.113905922733439108e-02,-5.270987188894961373e-02,-1.070168791246802892e-01,8.665214218497510612e-02,8.152667283868091086e-02,1.628077579943091602e-01,8.593398070879437745e-02,1.067887393358434717e-01,2.624160062602471366e-01,1.152110834120318311e-01,3.744851846305456422e-01,1.774287339621945236e-01,-6.228220367367065524e-02,-7.633522384728290422e-02,-8.502603143633601090e-02,1.029412864180241083e-01,1.601838260023245031e-01,1.286764675722147644e-01,2.400710679399941164e-02,2.407395441913601219e-01,3.214242933392778001e-01,2.531395194549853067e-01,5.266081140522788778e-02,2.879383175779695048e-01
1.319634162476331918e-01,4.601557979410014765e-02,1.206472514649041122e-01,1.000000000000000000e+00,5.943732462092767843e-01,3.615719584502254946e-01,4.061452023319117033e-01,1.684538720484521357e-02,3.355299057904180971e-03,2.240869422198905891e-01,-6.045010814069622790e-02,-2.307499542417625615e-01,8.790317890481665064e-02,-1.537504041432481428e-01,1.310452850734004360e-01,3.986317312906842991e-01,1.185238847670724016e-01,1.657260721619126936e-02,1.981882962490016387e-01,7.501037573519764995e-03,4.660358558490145658e-02,1.027757820229194680e-01,-3.618537318741538167e-02,-3.172161130472565815e-02,1.947386796550002602e-02,-3.188767858345664119e-01,-5.331428104118111216e-02,8.612740604113897080e-02,-5.683534208301108809e-02,-1.081549827750102749e-01,-1.180711501863745960e-01,-5.653128863815215510e-02,-9.917861134161051750e-02,2.115380979999408884e-01,-5.494213345525478243e-01,-3.179711910371924577e-01,-3.647264162079941197e-01,-4.420572613747565938e-01,-2.446393250857510637e-01
-2.256700801719369737e-02,-5.812574612983056714e-03,-4.562662759318113215e-02,5.943732462092767843e-01,1.000000000000000000e+00,2.783361536746294385e-01,2.380102454339235452e-01,-3.627015239342145508e-02,-5.762980407712242625e-02,3.146512955326760674e-01,9.316816489960021153e-02,-1.655819369162481181e-01,4.161954782825250804e-02,-1.729504924523546094e-01,2.443123902029151195e-01,3.017093380547558046e-01,2.025785226900420066e-01,2.369823153439974683e-02,1.825825549233630121e-02,-1.704962817021583310e-01,-1.630140315269010265e-01,-1.125731228528159683e-01,3.825320205588379763e-02,1.856617804352922105e-02,1.210679298757184885e-01,-3.684898913221841266e-01,-9.882783627314142838e-02,-3.294299345568705434e-02,-1.741942721519249282e-01,1.066425009232908200e-01,-2.642760728989687058e-01,-1.260516143667551603e-01,-1.917559333931831145e-01,3.611530380175762001e-01,-4.502197088183067519e-01,-1.994922538225642472e-01,-3.582268984876186280e-01,-3.840826941172441056e-01,-2.922509332273439120e-01
5.306216263105421188e-02,9.778106910223396953e-02,8.879260397271176997e-02,3.615719584502254946e-01,2.783361536746294385e-01,1.000000000000000000e+00,4.009845622232850737e-02,-2.089890251239591989e-01,5.389511433293493574e-03,1.208811310826592711e-01,1.337553859062911576e-01,5.678253454675303430e-02,7.511500555531416823e-02,1.791568167441290327e-01,1.631333078766654399e-01,1.526640614177597610e-01,2.335237779973441119e-01,-2.984341644559445061e-01,-3.299818767320133323e-02,-2.451698871143473124e-01,-2.049670074083729532e-01,-1.310413791364739566e-01,3.221933615238537496e-01,4.154527397801192068e-01,4.285749320106153615e-01,-6.902134407224229384e-02,1.165722872566283923e-02,1.067909583236263532e-01,8.172378622250585367e-02,1.012165459923804189e-01,-5.895673978957055583e-02,-5.195900559544755493e-02,-1.440957487919021507e-02,-2.423268618333971822e-03,-1.499961318662655085e-01,-1.342066344892904883e-01,-6.559099735090509475e-02,-3.294551442074483139e-01,-1.483622392864797912e-01
1.579080166397442142e-01,-1.213252244958525593e-02,-1.179496305392960936e-01,4.061452023319117033e-01,2.380102454339235452e-01,4.009845622232850737e-02,1.000000000000000000e+00,3.588746584152382457e-01,1.618596395691847267e-01,2.152767130247697502e-01,1.915336636054559144e-02,-1.652220876766775648e-01,2.428322193605950419e-01,2.451383402088293945e-02,7.531338643149286527e-02,2.030136846993472466e-01,3.302339497440080762e-02,2.520063096077780895e-01,4.631305196358367904e-01,3.069640029306622275e-01,2.819397884852128944e-01,4.829444546489697343e-01,-2.879984369381932696e-01,-2.994736955639156761e-01,-1.233947786464134055e-01,-1.290857787789268241e-01,6.043580692552870393e-02,2.483851691675034723e-01,7.496545118158412513e-02,-2.649222800906863573e-01,1.150093903828633690e-01,1.037482273332075294e-01,1.685106979009364792e-01,3.700414954975823068e-01,-3.701308521386356132e-01,-2.609591965165319327e-01,-3.990452553704373906e-01,-4.976153088178279088e-02,-1.535873338789998377e-01
-1.061268885747227581e-01,-1.401878356355740207e-01,-3.015799954657294446e-01,1.684538720484521357e-02,-3.627015239342145508e-02,-2.089890251239591989e-01,3.588746584152382457e-01,1.000000000000000000e+00,4.916354179380338224e-02,7.894273800273744757e-02,3.966148960795357059e-02,-3.239131505232739627e-02,1.657432908078872447e-01,-4.431652793954112685e-02,1.057411163190817294e-01,9.517347274165147142e-02,4.966921118428794385e-02,4.593879198906407613e-01,4.394022102893205273e-01,6.301124888657048118e-01,6.256420883905662311e-01,6.449811304955691549e-01,-2.947810488837376286e-01,-4.427404253270829093e-01,-2.057846768569849272e-01,-8.260442054208382012e-02,2.219919711373525839e-01,3.010857507031014513e-01,8.834004453206137364e-02,-1.586774448713913210e-01,2.732174707066051256e-01,2.979521120018537306e-01,2.533382268738378906e-01,3.624579680863286857e-01,-1.384524028265406992e-01,-2.891228709983196810e-01,1.084362631218710286e-03,5.919171284729515987e-03,1.448521140062354884e-01
4.553920791295688608e-01,3.581537526929834958e-01,3.263200395970813350e-01,3.355299057904180971e-03,-5.762980407712242625e-02,5.389511433293493574e-03,1.618596395691847267e-01,4.916354179380338224e-02,1.000000000000000000e+00,6.508618231977764124e-02,1.542643237270224510e-01,1.601840294058179126e-01,1.144690860708343916e-01,2.525612673547472098e-01,4.736228518176457264e-02,3.319682509604818255e-02,-1.095404422020950369e-01,2.060843327290797222e-01,2.766226211186121331e-01,3.201095191713946853e-01,1.592445296849857028e-01,2.819103653782014662e-01,-7.853726575012007216e-02,-6.891225576435738853e-02,-2.344527387537920487e-03,4.091613212533085076e-01,2.441057900452117679e-01,2.599241925315239343e-01,1.249526397559809904e-01,-7.392883150750359511e-02,3.734675885066174872e-01,3.537715547948704908e-01,3.437534426396958165e-01,2.200523180257178413e-01,1.400942851251561760e-01,2.882372391950772661e-01,2.128918326139325468e-01,3.881979696500126864e-01,3.149533798460175116e-01
8.051122583354507894e-03,3.300345134801904168e-01,1.525067122106600892e-01,2.240869422198905891e-01,3.146512955326760674e-01,1.208811310826592711e-01,2.152767130247697502e-01,7.894273800273744757e-02,6.508618231977764124e-02,1.000000000000000000e+00,6.736605941448935431e-01,4.758959563314760777e-01,7.390225781072957689e-01,1.230864923094216433e-02,3.320626332584218354e-01,4.981905446698857709e-01,2.996630981830069040e-01,2.442992558599487579e-02,3.308620886873088751e-01,4.034481037776283321e-03,1.609402615541672965e-01,2.864784371689576004e-01,-1.920357786250105614e-02,1.647745292587482757e-01,3.187272945962935089e-01,1.946547157543261283e-02,4.679585710573715973e-01,-1.692462006992204449e-01,-2.466875398389580254e-01,3.141840765550309167e-02,1.683736042490638074e-01,4.647609207652411145e-01,4.286076464148615844e-02,3.652564996450355372e-01,-1.137637971797843678e-01,7.374256015967419267e-04,1.689178617435366236e-01,-2.022272230707250762e-01,2.653608026617858551e-01
5.410987768692757105e-02,3.067475898117620892e-01,1.481597021162817107e-01,-6.045010814069622790e-02,9.316816489960021153e-02,1.337553859062911576e-01,1.915336636054559144e-02,3.966148960795357059e-02,1.542643237270224510e-01,6.736605941448935431e-01,1.000000000000000000e+00,4.964384603111585692e-01,6.425449407604757468e-01,2.044202620576506813e-01,2.126686518011504101e-01,1.975551659908408031e-01,3.801501885128557023e-01,-6.277832737352466441e-02,1.333805788161395167e-01,-2.950148861962609281e-02,8.549620493071688476e-02,1.894350791619210939e-01,1.379381870969729196e-01,1.808647727990347065e-01,3.661969205700053576e-01,2.112229966738622955e-01,5.311320584182558369e-01,-7.142959151505767768e-02,-8.775396755256545389e-02,8.486986736449941837e-02,2.926116836063686333e-01,5.173703075595037504e-01,1.119216725311006355e-01,2.534728109139073315e-01,1.247050606505620829e-01,1.002886874756291763e-01,4.586239677446381502e-01,-6.687227895695528612e-02,3.024158838362411839e-01
5.965238167031548799e-02,3.208691682682587865e-01,2.032222891514423591e-01,-2.307499542417625615e-01,-1.655819369162481181e-01,5.678253454675303430e-02,-1.652220876766775648e-01,-3.239131505232739627e-02,1.601840294058179126e-01,4.758959563314760777e-01,4.964384603111585692e-01,1.000000000000000000e+00,5.484333786184888426e-01,1.445601912900086328e-01,2.535851081193250534e-01,3.095062218856748926e-01,1.302735953551720782e-01,-1.263452507317330831e-01,2.199998941844273914e-01,-2.167931940517044132e-02,1.138890647296574299e-01,2.708176571339540595e-01,2.694872991036763588e-01,3.469170675063940612e-01,2.561271548966263523e-01,3.466972142482303565e-01,5.339047308568094508e-01,-5.706054304184628861e-02,-1.146984981955571914e-02,7.500801901742905342e-02,4.316294466117933104e-01,4.664032265865161175e-01,1.220406678840465359e-01,1.012612157096069859e-01,3.309674641925035021e-01,2.008459100024193311e-01,5.453587800271229025e-01,1.501553131849625022e-01,5.183398139394264081e-01
1.219271815820943267e-01,3.459430440080909497e-01,1.166804966857189763e-01,8.790317890481665064e-02,4.161954782825250804e-02,7.511500555531416823e-02,2.428322193605950419e-01,1.657432908078872447e-01,1.144690860708343916e-01,7.390225781072957689e-01,6.425449407604757468e-01,5.484333786184888426e-01,1.000000000000000000e+00,1.685549129001645552e-01,2.254636622345908836e-01,4.805642014395321571e-01,2.525940477289709829e-01,1.269880663665081191e-02,3.669210187544484914e-01,9.470949308601836480e-02,2.902805839660534959e-01,4.056828860741847342e-01,-6.743374019733662517e-02,1.456739559310189780e-01,2.966470727430073340e-01,1.300107476809820861e-01,5.657368114599476971e-01,-8.873592510351800688e-02,-1.420435047341412904e-01,-1.385086261337576952e-01,2.923037352336195771e-01,5.293735774134969985e-01,1.774449119508657025e-01,2.418168773904376401e-01,-2.683739703155501449e-02,2.504829082362280707e-03,2.558478917992196844e-01,-1.348596105371127341e-01,3.137388992743825877e-01
3.020512340366365289e-01,1.655029022274474571e-01,1.722390992201678142e-02,-1.537504041432481428e-01,-1.729504924523546094e-01,1.791568167441290327e-01,2.451383402088293945e-02,-4.431652793954112685e-02,2.525612673547472098e-01,1.230864923094216433e-02,2.044202620576506813e-01,1.445601912900086328e-01,1.685549129001645552e-01,1.000000000000000000e+00,-8.938336183871360696e-02,-1.551205231193285641e-02,6.264548178888580676e-02,-1.252598360677070755e-02,1.345908900797828933e-01,3.544636285447024665e-02,-5.611302324800127722e-02,1.039531678071504289e-01,5.267505818594780259e-02,8.211475409497906441e-02,1.971895259600834338e-01,2.625215444753465910e-01,2.141048618724792074e-01,2.912213364683703953e-01,2.888788475871424399e-01,-1.795098506510867109e-01,2.972017674926821784e-01,2.759068999220246066e-01,2.642212556236242516e-01,-6.693680084659105189e-02,2.434729802723687442e-01,-1.619797766268861374e-03,2.020210762074849120e-01,9.275845062244895967e-02,6.364810968989877138e-02
-2.720654835625498438e-02,7.577985782978065299e-02,7.688012621611524334e-04,1.310452850734004360e-01,2.443123902029151195e-01,1.631333078766654399e-01,7.531338643149286527e-02,1.057411163190817294e-01,4.736228518176457264e-02,3.320626332584218354e-01,2.126686518011504101e-01,2.535851081193250534e-01,2.254636622345908836e-01,-8.938336183871360696e-02,1.000000000000000000e+00,5.278369002259202247e-01,6.019439296794723004e-01,-5.757890181933681545e-03,1.859267264950076326e-01,7.780769761040817745e-02,2.578927612589986679e-02,1.354366084694049455e-01,2.596493964023686707e-01,1.905508145483858495e-01,1.444560091763762710e-01,-3.653331211138804296e-02,2.312932102616829799e-01,3.632210599064449735e-02,-1.113318655642199784e-01,2.123441201987408822e-01,-8.491714594409768835e-02,2.102301820830495757e-02,4.093998872257376825e-02,2.914674322546148000e-01,-6.873424873092574827e-02,-6.313405473745289931e-02,-2.698362088216411242e-02,-2.259556284853719496e-02,9.744078695802189938e-02
8.138834322831979551e-02,2.355542781656075890e-01,3.113905922733439108e-02,3.986317312906842991e-01,3.017093380547558046e-01,1.526640614177597610e-01,2.030136846993472466e-01,9.517347274165147142e-02,3.319682509604818255e-02,4.981905446698857709e-01,1.975551659908408031e-01,3.095062218856748926e-01,4.805642014395321571e-01,-1.551205231193285641e-02,5.278369002259202247e-01,1.000000000000000000e+00,3.659901668271257624e-01,1.214350517258836470e-01,3.323478674554080081e-01,1.335937465021739268e-01,2.085863092685527331e-01,2.516816554477303569e-01,7.184581274644208371e-02,1.090568379336934041e-01,1.888568088506342446e-01,-1.665301201932878616e-01,2.560397369792490330e-01,-2.200208526117751473e-02,-8.758811268625263380e-02,3.045887446472903340e-02,3.204432620022441836e-02,2.099654861829575447e-01,-2.302063104894165103e-04,2.767417373071889286e-01,-2.586160525152820244e-01,-1.866289670536862844e-01,-4.923756694883454910e-02,-2.037640746519630564e-01,1.096422824715633237e-01
-9.617358854443674998e-03,3.266792582189053176e-03,-5.270987188894961373e-02,1.185238847670724016e-01,2.025785226900420066e-01,2.335237779973441119e-01,3.302339497440080762e-02,4.966921118428794385e-02,-1.095404422020950369e-01,2.996630981830069040e-01,3.801501885128557023e-01,1.302735953551720782e-01,2.525940477289709829e-01,6.264548178888580676e-02,6.019439296794723004e-01,3.659901668271257624e-01,1.000000000000000000e+00,-1.850311767753783920e-01,-6.178482777992406333e-02,-1.282957576899637908e-01,-9.151395440394977099e-02,-6.575124722550210188e-02,3.412929635851186250e-01,1.776507423496812288e-01,2.210187379187816825e-01,-1.629575695863451357e-02,2.160836551299807062e-01,-7.999084838845570145e-02,4.825007427919694031e-02,1.355890756353887450e-01,-1.368115283415191619e-01,1.781119794779988195e-03,-7.988897059650183763e-02,4.322375558706946508e-02,-5.711775399243477352e-03,-1.290340484171223767e-01,1.718993705420632928e-02,-1.605109259598289095e-01,-7.121396661101948855e-02
3.942924250134619696e-02,4.956887257908893646e-02,-1.070168791246802892e-01,1.657260721619126936e-02,2.369823153439974683e-02,-2.984341644559445061e-01,2.520063096077780895e-01,4.593879198906407613e-01,2.060843327290797222e-01,2.442992558599487579e-02,-6.277832737352466441e-02,-1.263452507317330831e-01,1.269880663665081191e-02,-1.252598360677070755e-02,-5.757890181933681545e-03,1.214350517258836470e-01,-1.850311767753783920e-01,1.000000000000000000e+00,4.994353275389893931e-01,6.247334188195345916e-01,4.542090811782385495e-01,4.267681426536229505e-01,-5.757409065445661112e-01,-5.172055108295435799e-01,-4.349899138662257636e-01,-1.629371121173828207e-01,5.260093085674982100e-02,2.697635190723388643e-01,7.906685445544542334e-02,-8.408482883302617616e-02,1.742663611614505559e-01,2.199966105083433210e-01,3.291994529307894490e-01,2.590217878010565022e-01,-2.728777612444066025e-01,-2.142918161498267027e-01,-1.730525265110981759e-01,5.039100882564168105e-02,1.259246867090545174e-01
1.330895511835986089e-01,2.427698297630752344e-01,8.665214218497510612e-02,1.981882962490016387e-01,1.825825549233630121e-02,-3.299818767320133323e-02,4.631305196358367904e-01,4.394022102893205273e-01,2.766226211186121331e-01,3.308620886873088751e-01,1.333805788161395167e-01,2.199998941844273914e-01,3.669210187544484914e-01,1.345908900797828933e-01,1.859267264950076326e-01,3.323478674554080081e-01,-6.178482777992406333e-02,4.994353275389893931e-01,1.000000000000000000e+00,5.421409356026336557e-01,5.017003145038178014e-01,6.863267272735050772e-01,-3.115292092781228317e-01,-1.700080291444803771e-01,-1.458817564192161353e-01,2.165000143803114466e-02,3.003957846389896380e-01,3.033927713554654959e-01,8.982722779640328614e-02,-1.622499277709258669e-01,4.202550212234452132e-01,4.686067491224169546e-01,4.402009401321088089e-01,3.712450235258433762e-01,-1.544906198508094186e-01,-8.361828878305585522e-02,-4.018602581615290936e-02,-2.971784918121645001e-03,3.051985359462050518e-01
4.423457762326141879e-02,1.163857522271550399e-01,8.152667283868091086e-02,7.501037573519764995e-03,-1.704962817021583310e-01,-2.451698871143473124e-01,3.069640029306622275e-01,6.301124888657048118e-01,3.201095191713946853e-01,4.034481037776283321e-03,-2.950148861962609281e-02,-2.167931940517044132e-02,9.470949308601836480e-02,3.544636285447024665e-02,7.780769761040817745e-02,1.335937465021739268e-01,-1.282957576899637908e-01,6.247334188195345916e-01,5.421409356026336557e-01,1.000000000000000000e+00,7.086221901208293872e-01,6.662736866645108114e-01,-3.460904711524891431e-01,-4.048501220713569548e-01,-2.520338768959711762e-01,8.057464618214758845e-02,2.230188524350819601e-01,4.414773392574943833e-01,1.564289545119660618e-01,-2.203804863484980781e-01,3.585496313564963122e-01,3.297357683749918000e-01,3.583697594837521594e-01,4.021436070910591742e-01,-6.290289954312584808e-02,-1.295958265677965571e-01,3.231844779898113834e-02,1.247425852662214368e-01,2.668271706697716295e-01
-8.193987163634026266e-03,1.549728523843690864e-01,1.628077579943091602e-01,4.660358558490145658e-02,-1.630140315269010265e-01,-2.049670074083729532e-01,2.819397884852128944e-01,6.256420883905662311e-01,1.592445296849857028e-01,1.609402615541672965e-01,8.549620493071688476e-02,1.138890647296574299e-01,2.902805839660534959e-01,-5.611302324800127722e-02,2.578927612589986679e-02,2.085863092685527331e-01,-9.151395440394977099e-02,4.542090811782385495e-01,5.017003145038178014e-01,7.086221901208293872e-01,1.000000000000000000e+00,7.125187423662295849e-01,-3.415022018923225544e-01,-3.044163507082111031e-01,-1.802098307486940110e-01,6.843479132539527499e-02,2.879331426975103025e-01,2.226413814106360523e-01,2.395485922679556345e-02,-2.622730975224100147e-01,2.652291072921712511e-01,3.724064727399395980e-01,3.762899892351354580e-01,3.345040299145625728e-01,-6.700858242150029009e-02,-1.429829045191494119e-01,1.082692266704493034e-01,1.757799882945797545e-02,3.013856583660576294e-01
2.548394965796418540e-02,1.350695813472568285e-01,8.593398070879437745e-02,1.027757820229194680e-01,-1.125731228528159683e-01,-1.310413791364739566e-01,4.829444546489697343e-01,6.449811304955691549e-01,2.819103653782014662e-01,2.864784371689576004e-01,1.894350791619210939e-01,2.708176571339540595e-01,4.056828860741847342e-01,1.039531678071504289e-01,1.354366084694049455e-01,2.516816554477303569e-01,-6.575124722550210188e-02,4.267681426536229505e-01,6.863267272735050772e-01,6.662736866645108114e-01,7.125187423662295849e-01,1.000000000000000000e+00,-2.908714213060273890e-01,-2.673664818969049284e-01,-1.252904509474316030e-01,1.113608063646886193e-01,4.311079715571146109e-01,3.612959723605932982e-01,8.722718366877554863e-02,-2.415867702026630870e-01,4.549179895510458982e-01,5.080203265578410177e-01,4.362817469587649821e-01,4.105092809057697689e-01,-8.324368144102400890e-02,-2.072549763038604720e-01,1.320503759774536712e-01,1.363229289477484452e-01,4.104824957103658800e-01
-6.394881996181518702e-02,-2.605906400247114119e-02,1.067887393358434717e-01,-3.618537318741538167e-02,3.825320205588379763e-02,3.221933615238537496e-01,-2.879984369381932696e-01,-2.947810488837376286e-01,-7.853726575012007216e-02,-1.920357786250105614e-02,1.379381870969729196e-01,2.694872991036763588e-01,-6.743374019733662517e-02,5.267505818594780259e-02,2.596493964023686707e-01,7.184581274644208371e-02,3.412929635851186250e-01,-5.757409065445661112e-01,-3.115292092781228317e-01,-3.460904711524891431e-01,-3.415022018923225544e-01,-2.908714213060273890e-01,1.000000000000000000e+00,5.367111180664380088e-01,3.603121906109631456e-01,2.070025468361491316e-01,5.945239498171749765e-02,-4.891572154119679799e-02,2.347375204126260148e-02,2.172966325781887365e-01,4.156615139233644368e-02,-9.891105544501176128e-02,-3.469886472625727247e-01,-8.343079549937384987e-02,3.609030446694052596e-01,2.102677477704234521e-01,2.707879965244862630e-01,2.331192944402073544e-02,3.718940331068010946e-02
3.353857671714210315e-02,1.986058356716766671e-01,2.624160062602471366e-01,-3.172161130472565815e-02,1.856617804352922105e-02,4.154527397801192068e-01,-2.994736955639156761e-01,-4.427404253270829093e-01,-6.891225576435738853e-02,1.647745292587482757e-01,1.808647727990347065e-01,3.469170675063940612e-01,1.456739559310189780e-01,8.211475409497906441e-02,1.905508145483858495e-01,1.090568379336934041e-01,1.776507423496812288e-01,-5.172055108295435799e-01,-1.700080291444803771e-01,-4.048501220713569548e-01,-3.044163507082111031e-01,-2.673664818969049284e-01,5.367111180664380088e-01,1.000000000000000000e+00,4.396034997417880841e-01,2.284120793028609209e-01,1.834952509858690517e-01,-2.459867294591535358e-01,-1.057831320719559015e-01,1.410028021416445676e-01,4.327128946957184939e-03,4.414907735549057459e-03,-1.788004487948051946e-01,-2.266320136523296280e-01,2.805233246025484739e-01,1.474853812054960356e-01,2.621607416849475736e-01,-8.887286826956736219e-02,1.096087628543552656e-01
7.270303440021883001e-02,2.363305464907364817e-01,1.152110834120318311e-01,1.947386796550002602e-02,1.210679298757184885e-01,4.285749320106153615e-01,-1.233947786464134055e-01,-2.057846768569849272e-01,-2.344527387537920487e-03,3.187272945962935089e-01,3.661969205700053576e-01,2.561271548966263523e-01,2.966470727430073340e-01,1.971895259600834338e-01,1.444560091763762710e-01,1.888568088506342446e-01,2.210187379187816825e-01,-4.349899138662257636e-01,-1.458817564192161353e-01,-2.520338768959711762e-01,-1.802098307486940110e-01,-1.252904509474316030e-01,3.603121906109631456e-01,4.396034997417880841e-01,1.000000000000000000e+00,1.112033084264716920e-01,1.275727629294570731e-01,-1.155062456129836851e-01,-1.924376560245830148e-01,8.551949033575745318e-02,4.368631972306678130e-02,1.520784279345941403e-01,-1.944144167545315896e-02,1.291041394500444528e-01,7.661603908239535132e-02,8.291997343699929190e-02,2.418096893189299879e-01,-2.193969444595524065e-01,7.438879002559649345e-02
2.296928963203824781e-01,2.484871080649794506e-01,3.744851846305456422e-01,-3.188767858345664119e-01,-3.684898913221841266e-01,-6.902134407224229384e-02,-1.290857787789268241e-01,-8.260442054208382012e-02,4.091613212533085076e-01,1.946547157543261283e-02,2.112229966738622955e-01,3.466972142482303565e-01,1.300107476809820861e-01,2.625215444753465910e-01,-3.653331211138804296e-02,-1.665301201932878616e-01,-1.629575695863451357e-02,-1.629371121173828207e-01,2.165000143803114466e-02,8.057464618214758845e-02,6.843479132539527499e-02,1.113608063646886193e-01,2.070025468361491316e-01,2.284120793028609209e-01,1.112033084264716920e-01,1.000000000000000000e+00,3.902944719229141102e-01,1.542943257631457787e-01,1.930316012640550527e-01,-9.230030910788132592e-02,3.858645512003631151e-01,3.319432585022840110e-01,2.113638940035985625e-01,-1.357664762494593391e-01,6.686794200651953179e-01,5.131837984626895777e-01,4.582181457245166345e-01,5.075955728711801784e-01,3.790593660382111096e-01
-3.463765213471568100e-02,3.911958362424858282e-01,1.774287339621945236e-01,-5.331428104118111216e-02,-9.882783627314142838e-02,1.165722872566283923e-02,6.043580692552870393e-02,2.219919711373525839e-01,2.441057900452117679e-01,4.679585710573715973e-01,5.311320584182558369e-01,5.339047308568094508e-01,5.657368114599476971e-01,2.141048618724792074e-01,2.312932102616829799e-01,2.560397369792490330e-01,2.160836551299807062e-01,5.260093085674982100e-02,3.003957846389896380e-01,2.230188524350819601e-01,2.879331426975103025e-01,4.311079715571146109e-01,5.945239498171749765e-02,1.834952509858690517e-01,1.275727629294570731e-01,3.902944719229141102e-01,1.000000000000000000e+00,8.892268231892980213e-02,5.563547434709353173e-02,-2.516481224983537542e-03,4.380151279745499449e-01,6.026794973815742251e-01,2.170907652443330171e-01,8.348077090930831889e-02,2.114592792192389881e-01,9.633331884388145194e-02,5.380286824627010800e-01,1.157025798846911258e-01,5.762525288173808713e-01
1.120614004625534732e-01,3.382031939425867578e-02,-6.228220367367065524e-02,8.612740604113897080e-02,-3.294299345568705434e-02,1.067909583236263532e-01,2.483851691675034723e-01,3.010857507031014513e-01,2.599241925315239343e-01,-1.692462006992204449e-01,-7.142959151505767768e-02,-5.706054304184628861e-02,-8.873592510351800688e-02,2.912213364683703953e-01,3.632210599064449735e-02,-2.200208526117751473e-02,-7.999084838845570145e-02,2.697635190723388643e-01,3.033927713554654959e-01,4.414773392574943833e-01,2.226413814106360523e-01,3.612959723605932982e-01,-4.891572154119679799e-02,-2.459867294591535358e-01,-1.155062456129836851e-01,1.542943257631457787e-01,8.892268231892980213e-02,1.000000000000000000e+00,5.235577354961227226e-01,5.198540721492923324e-03,3.201565727943408435e-01,1.392671944022587371e-01,2.256385570593889278e-01,2.389751534373261710e-01,1.994735748003495859e-02,-1.020309204142727383e-01,-1.294847260760850424e-02,1.400698544400527101e-01,1.324359114715634340e-02
1.515098837141920229e-01,8.092402265797282723e-02,-7.633522384728290422e-02,-5.683534208301108809e-02,-1.741942721519249282e-01,8.172378622250585367e-02,7.496545118158412513e-02,8.834004453206137364e-02,1.249526397559809904e-01,-2.466875398389580254e-01,-8.775396755256545389e-02,-1.146984981955571914e-02,-1.420435047341412904e-01,2.888788475871424399e-01,-1.113318655642199784e-01,-8.758811268625263380e-02,4.825007427919694031e-02,7.906685445544542334e-02,8.982722779640328614e-02,1.564289545119660618e-01,2.395485922679556345e-02,8.722718366877554863e-02,2.347375204126260148e-02,-1.057831320719559015e-01,-1.924376560245830148e-01,1.930316012640550527e-01,5.563547434709353173e-02,5.235577354961227226e-01,1.000000000000000000e+00,1.152550091182774350e-01,2.273640283634119630e-01,5.552934807995878186e-02,6.887788573374240171e-03,-1.653161764799596367e-01,1.186231260180542479e-01,-1.040282410212142045e-01,7.282917888635154213e-02,1.753452119259858999e-01,-6.576935392736232844e-02
-2.513036122289213914e-01,7.657803725930736882e-02,-8.502603143633601090e-02,-1.081549827750102749e-01,1.066425009232908200e-01,1.012165459923804189e-01,-2.649222800906863573e-01,-1.586774448713913210e-01,-7.392883150750359511e-02,3.141840765550309167e-02,8.486986736449941837e-02,7.500801901742905342e-02,-1.385086261337576952e-01,-1.795098506510867109e-01,2.123441201987408822e-01,3.045887446472903340e-02,1.355890756353887450e-01,-8.408482883302617616e-02,-1.622499277709258669e-01,-2.203804863484980781e-01,-2.622730975224100147e-01,-2.415867702026630870e-01,2.172966325781887365e-01,1.410028021416445676e-01,8.551949033575745318e-02,-9.230030910788132592e-02,-2.516481224983537542e-03,5.198540721492923324e-03,1.152550091182774350e-01,1.000000000000000000e+00,-1.215148507817750967e-01,-8.650243542064114943e-02,-1.517738715190444232e-01,3.863494216923340271e-03,-2.476018090225048582e-02,1.455575989772448786e-01,1.424028268056835855e-01,2.600649138612995404e-02,5.562197402652255263e-02
1.475547453484894467e-01,2.290825985844013868e-01,1.029412864180241083e-01,-1.180711501863745960e-01,-2.642760728989687058e-01,-5.895673978957055583e-02,1.150093903828633690e-01,2.732174707066051256e-01,3.734675885066174872e-01,1.683736042490638074e-01,2.926116836063686333e-01,4.316294466117933104e-01,2.923037352336195771e-01,2.972017674926821784e-01,-8.491714594409768835e-02,3.204432620022441836e-02,-1.368115283415191619e-01,1.742663611614505559e-01,4.202550212234452132e-01,3.585496313564963122e-01,2.652291072921712511e-01,4.549179895510458982e-01,4.156615139233644368e-02,4.327128946957184939e-03,4.368631972306678130e-02,3.858645512003631151e-01,4.380151279745499449e-01,3.201565727943408435e-01,2.273640283634119630e-01,-1.215148507817750967e-01,1.000000000000000000e+00,6.579496448145294440e-01,1.805510530220654775e-01,1.963806742275698014e-01,2.560343441389028030e-01,1.395387605115422092e-01,4.709265121380891150e-01,2.124020592901076920e-01,4.266740730873272991e-01
5.039144911870947763e-02,3.966599678036571985e-01,1.601838260023245031e-01,-5.653128863815215510e-02,-1.260516143667551603e-01,-5.195900559544755493e-02,1.037482273332075294e-01,2.979521120018537306e-01,3.537715547948704908e-01,4.647609207652411145e-01,5.173703075595037504e-01,4.664032265865161175e-01,5.293735774134969985e-01,2.759068999220246066e-01,2.102301820830495757e-02,2.099654861829575447e-01,1.781119794779988195e-03,2.199966105083433210e-01,4.686067491224169546e-01,3.297357683749918000e-01,3.724064727399395980e-01,5.080203265578410177e-01,-9.891105544501176128e-02,4.414907735549057459e-03,1.520784279345941403e-01,3.319432585022840110e-01,6.026794973815742251e-01,1.392671944022587371e-01,5.552934807995878186e-02,-8.650243542064114943e-02,6.579496448145294440e-01,1.000000000000000000e+00,3.370981491347166403e-01,2.495127673267237001e-01,1.425583642215736691e-01,1.194102024009977003e-01,5.055324889260494059e-01,1.380372267937668707e-01,5.912439745420658976e-01
2.085749513992337101e-01,2.293036813071971380e-01,1.286764675722147644e-01,-9.917861134161051750e-02,-1.917559333931831145e-01,-1.440957487919021507e-02,1.685106979009364792e-01,2.533382268738378906e-01,3.437534426396958165e-01,4.286076464148615844e-02,1.119216725311006355e-01,1.220406678840465359e-01,1.774449119508657025e-01,2.642212556236242516e-01,4.093998872257376825e-02,-2.302063104894165103e-04,-7.988897059650183763e-02,3.291994529307894490e-01,4.402009401321088089e-01,3.583697594837521594e-01,3.762899892351354580e-01,4.362817469587649821e-01,-3.469886472625727247e-01,-1.788004487948051946e-01,-1.944144167545315896e-02,2.113638940035985625e-01,2.170907652443330171e-01,2.256385570593889278e-01,6.887788573374240171e-03,-1.517738715190444232e-01,1.805510530220654775e-01,3.370981491347166403e-01,1.000000000000000000e+00,1.465300995148453023e-01,2.650333266549374095e-02,6.201009472768191644e-02,1.177087862659190604e-01,1.802297529537042198e-01,3.162644824874695781e-01
6.963750048156090115e-04,5.417358892108525142e-02,2.400710679399941164e-02,2.115380979999408884e-01,3.611530380175762001e-01,-2.423268618333971822e-03,3.700414954975823068e-01,3.624579680863286857e-01,2.200523180257178413e-01,3.652564996450355372e-01,2.534728109139073315e-01,1.012612157096069859e-01,2.418168773904376401e-01,-6.693680084659105189e-02,2.914674322546148000e-01,2.767417373071889286e-01,4.322375558706946508e-02,2.590217878010565022e-01,3.712450235258433762e-01,4.021436070910591742e-01,3.345040299145625728e-01,4.105092809057697689e-01,-8.343079549937384987e-02,-2.266320136523296280e-01,1.291041394500444528e-01,-1.357664762494593391e-01,8.348077090930831889e-02,2.389751534373261710e-01,-1.653161764799596367e-01,3.863494216923340271e-03,1.963806742275698014e-01,2.495127673267237001e-01,1.465300995148453023e-01,1.000000000000000000e+00,-2.061212056707122375e-01,-4.647575224309653807e-02,-8.027228718663895202e-02,-1.076416179221668518e-01,6.889668819418952317e-02
4.458802352732534752e-02,9.488310922508241818e-02,2.407395441913601219e-01,-5.494213345525478243e-01,-4.502197088183067519e-01,-1.499961318662655085e-01,-3.701308521386356132e-01,-1.384524028265406992e-01,1.400942851251561760e-01,-1.137637971797843678e-01,1.247050606505620829e-01,3.309674641925035021e-01,-2.683739703155501449e-02,2.434729802723687442e-01,-6.873424873092574827e-02,-2.586160525152820244e-01,-5.711775399243477352e-03,-2.728777612444066025e-01,-1.544906198508094186e-01,-6.290289954312584808e-02,-6.700858242150029009e-02,-8.324368144102400890e-02,3.609030446694052596e-01,2.805233246025484739e-01,7.661603908239535132e-02,6.686794200651953179e-01,2.114592792192389881e-01,1.994735748003495859e-02,1.186231260180542479e-01,-2.476018090225048582e-02,2.560343441389028030e-01,1.425583642215736691e-01,2.650333266549374095e-02,-2.061212056707122375e-01,1.000000000000000000e+00,5.016276840945287363e-01,4.900841479609218676e-01,4.630000403395419517e-01,2.549156106879478800e-01
8.530965975733990903e-02,1.857073044657494842e-01,3.214242933392778001e-01,-3.179711910371924577e-01,-1.994922538225642472e-01,-1.342066344892904883e-01,-2.609591965165319327e-01,-2.891228709983196810e-01,2.882372391950772661e-01,7.374256015967419267e-04,1.002886874756291763e-01,2.008459100024193311e-01,2.504829082362280707e-03,-1.619797766268861374e-03,-6.313405473745289931e-02,-1.866289670536862844e-01,-1.290340484171223767e-01,-2.142918161498267027e-01,-8.361828878305585522e-02,-1.295958265677965571e-01,-1.429829045191494119e-01,-2.072549763038604720e-01,2.102677477704234521e-01,1.474853812054960356e-01,8.291997343699929190e-02,5.131837984626895777e-01,9.633331884388145194e-02,-1.020309204142727383e-01,-1.040282410212142045e-01,1.455575989772448786e-01,1.395387605115422092e-01,1.194102024009977003e-01,6.201009472768191644e-02,-4.647575224309653807e-02,5.016276840945287363e-01,1.000000000000000000e+00,2.718762284012262720e-01,3.993878385312645829e-01,2.482077017517045625e-01
-1.880434377035196739e-02,3.620472779218455450e-01,2.531395194549853067e-01,-3.647264162079941197e-01,-3.582268984876186280e-01,-6.559099735090509475e-02,-3.990452553704373906e-01,1.084362631218710286e-03,2.128918326139325468e-01,1.689178617435366236e-01,4.586239677446381502e-01,5.453587800271229025e-01,2.558478917992196844e-01,2.020210762074849120e-01,-2.698362088216411242e-02,-4.923756694883454910e-02,1.718993705420632928e-02,-1.730525265110981759e-01,-4.018602581615290936e-02,3.231844779898113834e-02,1.082692266704493034e-01,1.320503759774536712e-01,2.707879965244862630e-01,2.621607416849475736e-01,2.418096893189299879e-01,4.582181457245166345e-01,5.380286824627010800e-01,-1.294847260760850424e-02,7.282917888635154213e-02,1.424028268056835855e-01,4.709265121380891150e-01,5.055324889260494059e-01,1.177087862659190604e-01,-8.027228718663895202e-02,4.900841479609218676e-01,2.718762284012262720e-01,1.000000000000000000e+00,2.615950412929812230e-01,5.644956602031977466e-01
7.013564358461835124e-02,3.146953755790061688e-03,5.266081140522788778e-02,-4.420572613747565938e-01,-3.840826941172441056e-01,-3.294551442074483139e-01,-4.976153088178279088e-02,5.919171284729515987e-03,3.881979696500126864e-01,-2.022272230707250762e-01,-6.687227895695528612e-02,1.501553131849625022e-01,-1.348596105371127341e-01,9.275845062244895967e-02,-2.259556284853719496e-02,-2.037640746519630564e-01,-1.605109259598289095e-01,5.039100882564168105e-02,-2.971784918121645001e-03,1.247425852662214368e-01,1.757799882945797545e-02,1.363229289477484452e-01,2.331192944402073544e-02,-8.887286826956736219e-02,-2.193969444595524065e-01,5.075955728711801784e-01,1.157025798846911258e-01,1.400698544400527101e-01,1.753452119259858999e-01,2.600649138612995404e-02,2.124020592901076920e-01,1.380372267937668707e-01,1.802297529537042198e-01,-1.076416179221668518e-01,4.630000403395419517e-01,3.993878385312645829e-01,2.615950412929812230e-01,1.000000000000000000e+00,3.396955075847239436e-01
-1.761240454348878826e-01,3.342859782567461080e-01,2.879383175779695048e-01,-2.446393250857510637e-01,-2.922509332273439120e-01,-1.483622392864797912e-01,-1.535873338789998377e-01,1.448521140062354884e-01,3.149533798460175116e-01,2.653608026617858551e-01,3.024158838362411839e-01,5.183398139394264081e-01,3.137388992743825877e-01,6.364810968989877138e-02,9.744078695802189938e-02,1.096422824715633237e-01,-7.121396661101948855e-02,1.259246867090545174e-01,3.051985359462050518e-01,2.668271706697716295e-01,3.013856583660576294e-01,4.104824957103658800e-01,3.718940331068010946e-02,1.096087628543552656e-01,7.438879002559649345e-02,3.790593660382111096e-01,5.762525288173808713e-01,1.324359114715634340e-02,-6.576935392736232844e-02,5.562197402652255263e-02,4.266740730873272991e-01,5.912439745420658976e-01,3.162644824874695781e-01,6.889668819418952317e-02,2.549156106879478800e-01,2.482077017517045625e-01,5.644956602031977466e-01,3.396955075847239436e-01,1.000000000000000000e+00
