1.000000000000000000e+00,3.751640437404168416e-01,1.766187151051221982e-01,1.351963441317294290e-01,3.563054186334866369e-01,2.675667196686353777e-01,-3.029728488194035063e-01,2.802835903337798640e-01,6.592614601156001619e-01,4.036032013816715502e-01,5.442413513723076690e-01,5.916862741626637279e-01,2.899816056197907499e-01,3.922373664873595178e-01,6.105548935852970205e-01,6.064465402181518083e-01,3.977779371455238966e-01,2.654398936909479478e-01,-4.953511960413599369e-02,1.121722118567076154e-01,4.005119221532782992e-01,4.272269323573852917e-01,5.860643830426524037e-01,-1.437473646977140973e-01,4.154297658213395028e-01,1.707824186654808840e-01,2.253688287886207453e-01,4.085605956247103654e-01,4.326438228002772446e-01,5.253783241348125577e-01,5.383900358482023307e-01,6.159815004378127457e-01,6.263411617295067124e-01,5.173288754141792678e-01,1.022991616170309120e-01,-1.285372715347324335e-01,4.791925219674887937e-01,5.551608964197883855e-01,6.459296753703280825e-02
3.751640437404168416e-01,1.000000000000000000e+00,2.250182449788850139e-02,-1.037500353444869711e-01,-1.014271506825052960e-01,2.273406434269926446e-01,-1.328420500971393414e-01,-1.885124287375574970e-01,9.919909203412348442e-02,3.027305141835071600e-01,1.166803950134655786e-02,-7.454833878835725666e-03,-1.170866225354548484e-01,1.470887362085528671e-01,-1.438616971456070093e-01,-4.646347668970658012e-02,1.542091182518939285e-01,-1.183016846873263944e-01,6.068864522572409159e-03,-2.447267634077602838e-01,-6.763890201884763254e-02,-2.167721783175463879e-01,4.784715271750111798e-02,3.649844483498054237e-01,2.689062289945988171e-01,2.792466552366564270e-01,5.387273906142281410e-02,1.195370019607426282e-01,2.130192506367322436e-01,6.926407625068506380e-02,6.921178122456660142e-02,9.135272851520338452e-03,-5.708730882612524787e-02,-1.820813713263808031e-01,1.891410431914987422e-01,2.506780970129618979e-01,2.681854187976426274e-01,-1.106790396384653291e-01,1.606209736492860418e-01
1.766187151051221982e-01,2.250182449788850139e-02,1.000000000000000000e+00,2.372279161278657844e-01,2.429100767230259750e-01,1.479647111166199902e-01,1.276830164348903285e-01,-8.168870390745570920e-02,1.905853278132342288e-01,1.932644202672809952e-01,5.346169654813665711e-02,1.880929640697541760e-01,1.241753429817437498e-01,2.831375327725926816e-01,2.321620266959160961e-01,1.933462814159349064e-01,1.135793509636821852e-01,1.634818061845962067e-01,1.696221156375499195e-01,2.444037351932424121e-02,1.587350024683957805e-01,2.196586800203420842e-01,2.174348649706428493e-01,-7.121851893751261764e-02,1.155113408133735253e-01,1.548940595485438498e-01,8.720938476832502950e-02,2.936691649952200556e-01,6.689989580428186422e-02,1.711057889559895739e-01,1.965804444822052410e-01,6.875077083279150514e-02,2.066591218422737797e-01,2.370098713920860412e-01,8.773422515231733831e-02,-7.272795786496505377e-02,6.717593544855110510e-02,-4.899617985846516088e-02,-2.754664427864871312e-01
1.351963441317294290e-01,-1.037500353444869711e-01,2.372279161278657844e-01,1.000000000000000000e+00,5.936940151299231472e-01,2.588563742176214211e-01,2.122158997869494912e-01,1.419210972646332281e-01,7.406724713638318525e-02,6.048161569020642919e-02,1.045620162379103657e-01,2.039710685463607120e-01,2.814684469101153552e-01,1.072586024535401861e-01,2.389283294955037995e-01,1.899069205768610102e-01,1.368752174779341579e-01,3.411507330250290182e-01,-1.328287514039136127e-02,2.097600888199641356e-01,1.842394801722128106e-01,3.199406003768230367e-01,2.101741320120213696e-01,-1.165752962248875341e-01,-6.118310892581880003e-03,1.482822024475629330e-01,2.561430742631164159e-02,3.986566259083815233e-01,1.898750865963370893e-01,8.795660610785359379e-02,2.470446673354211031e-01,2.073700466833588441e-01,2.806778863679717517e-01,3.000163665742452967e-01,3.303826516722857369e-03,-3.301159967892970948e-01,-3.110487084510940581e-02,9.490588369186093998e-02,-2.642340644174478448e-01
3.563054186334866369e-01,-1.014271506825052960e-01,2.429100767230259750e-01,5.936940151299231472e-01,1.000000000000000000e+00,5.086788326053868214e-01,2.584630500619755078e-01,3.914646201695535233e-01,3.870398742432176742e-01,3.934034650144450640e-01,4.630547820346748167e-01,4.998427153791121236e-01,4.365083153312127595e-01,4.167329038027355881e-01,6.096094139132537393e-01,5.757517440673477482e-01,3.378521410193354169e-01,3.146648293260221330e-01,1.761596845096283781e-01,3.056835953892763635e-01,3.988326699053812430e-01,5.261952728578146443e-01,4.756809631254660387e-01,-1.445974314653854509e-01,2.257270284893995449e-01,1.905327417852295882e-02,8.442986332862705001e-02,5.281889817810144772e-01,3.219396734497064205e-01,4.290688803045341060e-01,4.749733562650190755e-01,4.542219837890969503e-01,4.768937278022244985e-01,6.293342092837002077e-01,-8.392933830530859007e-02,-2.764770772271601951e-01,1.211909069831404451e-01,3.551354171704225182e-01,-1.066143116586837220e-01
2.675667196686353777e-01,2.273406434269926446e-01,1.479647111166199902e-01,2.588563742176214211e-01,5.086788326053868214e-01,1.000000000000000000e+00,1.708690203612857894e-01,3.970155794296064689e-01,3.645550587445640089e-01,6.084736479525437725e-01,4.841338600012993765e-01,3.062138336206760569e-01,2.069908175208114987e-01,4.207589782678644585e-01,3.278534250842738973e-01,4.676386527097079471e-01,4.916730441859238354e-01,1.352844690789778703e-01,1.024011789549350154e-01,3.160090023652465940e-01,3.319320751483893495e-01,2.527868027883296564e-01,4.504335729578489156e-01,2.122478059065953104e-01,4.832800719593003391e-01,1.254246172038888107e-01,1.497841014444261688e-02,4.993981698377563672e-01,4.167975448813250883e-01,4.095625222000410792e-01,3.947137576713212748e-01,3.237851651908331685e-01,2.103691530524233189e-01,2.997422650735418470e-01,2.086199838104748142e-02,1.189171986798443353e-01,2.383098276097099510e-01,2.249289776744903269e-01,2.858467903009420663e-02
-3.029728488194035063e-01,-1.328420500971393414e-01,1.276830164348903285e-01,2.122158997869494912e-01,2.584630500619755078e-01,1.708690203612857894e-01,1.000000000000000000e+00,-1.159740563866070405e-02,-1.562847301192269722e-01,-6.529828096389976577e-02,-1.439763207072070235e-02,-2.246214272264310807e-01,4.770440270132434574e-02,-5.428678261728721310e-02,-1.932921059799941887e-01,-1.370771631018932735e-01,-1.979372235100327337e-01,-2.350987583315293783e-01,2.727232109407940475e-01,1.061001471355026843e-01,-1.799418022912525339e-01,-7.468831398959223378e-02,-3.428329478103457895e-01,6.426034228576665841e-02,-3.631286539465783947e-01,-1.607854525122416056e-01,2.106089921082220096e-02,3.543365269012698632e-02,-2.870323270457827425e-01,-1.277278833317422035e-01,-1.723933964736613644e-01,-1.206984349377652338e-01,-3.283973852045025676e-01,-8.091275237447298485e-02,-1.484702810467262157e-01,3.172957608081141551e-02,-4.697983294197576876e-01,-3.009645636836321692e-01,-1.913285193214275537e-01
2.802835903337798640e-01,-1.885124287375574970e-01,-8.168870390745570920e-02,1.419210972646332281e-01,3.914646201695535233e-01,3.970155794296064689e-01,-1.159740563866070405e-02,1.000000000000000000e+00,4.637306041988749628e-01,3.805959463022159928e-01,5.798704977918295311e-01,4.756632609420906599e-01,2.602738126914893591e-01,2.103099301202411842e-01,5.364119285759214595e-01,5.522653460912728685e-01,3.383096152640962528e-01,2.920234085911384558e-01,4.523752626381610797e-02,6.653457032671050708e-01,6.459406206862599031e-01,6.547231553922885361e-01,4.855236113411415255e-01,-1.154616894419664280e-01,3.663985841607489413e-01,-1.759461856751107223e-02,1.090458030295491931e-01,2.840487533584051261e-01,3.492246928194714384e-01,4.879882908562677701e-01,4.803063699113367391e-01,4.882413820970653018e-01,3.871843392634976566e-01,5.257825447196842195e-01,-2.370135872010710465e-02,-8.090575177083936254e-02,2.684598018114219276e-01,5.206109804538983088e-01,1.330329871607160985e-01
6.592614601156001619e-01,9.919909203412348442e-02,1.905853278132342288e-01,7.406724713638318525e-02,3.870398742432176742e-01,3.645550587445640089e-01,-1.562847301192269722e-01,4.637306041988749628e-01,1.000000000000000000e+00,4.872745388952244294e-01,5.831981844393976377e-01,6.115749503996716907e-01,2.196472876845822764e-01,4.418639398737879698e-01,6.066750417500402781e-01,6.881852282914715513e-01,3.861387693167677715e-01,2.303238809084258432e-01,-6.952662534783392301e-02,3.578261072747167537e-01,4.528163319003103426e-01,4.800151166374711509e-01,6.346161986771788888e-01,-1.083458864634952862e-01,5.209966690554411750e-01,8.251288815524300546e-02,2.659248421590903466e-01,4.937828532270825965e-01,4.445399685870773387e-01,5.751448354145541897e-01,5.622771748562479521e-01,5.979229337647382625e-01,6.002231220916020016e-01,5.612673581511691268e-01,5.179382790982030998e-02,5.555838381488021477e-02,4.572766887596074192e-01,6.079904353039908838e-01,1.396191395917151246e-01
4.036032013816715502e-01,3.027305141835071600e-01,1.932644202672809952e-01,6.048161569020642919e-02,3.934034650144450640e-01,6.084736479525437725e-01,-6.529828096389976577e-02,3.805959463022159928e-01,4.872745388952244294e-01,1.000000000000000000e+00,4.916640933977634575e-01,5.343116270075832785e-01,6.595344981934146700e-02,4.590624888255882552e-01,4.622930379552354641e-01,6.117025047195544518e-01,4.756796412050893208e-01,1.353045145604081512e-01,9.607394496574275800e-02,2.077604394869931592e-01,4.015902114789013932e-01,2.266844990385016301e-01,5.502227704010760334e-01,2.053102345568356690e-01,6.182087492611181290e-01,1.073156546558387686e-01,2.066115870725118708e-02,4.673189352148866549e-01,4.641417639409840534e-01,5.776683718605628570e-01,4.529447624969039077e-01,3.491677284303593143e-01,2.968331539200341762e-01,3.329900688004208131e-01,3.195959865352683560e-02,1.512888236857148627e-01,4.065730952260871445e-01,2.696778005841387049e-01,7.687047492831844582e-03
5.442413513723076690e-01,1.166803950134655786e-02,5.346169654813665711e-02,1.045620162379103657e-01,4.630547820346748167e-01,4.841338600012993765e-01,-1.439763207072070235e-02,5.798704977918295311e-01,5.831981844393976377e-01,4.916640933977634575e-01,1.000000000000000000e+00,6.230423091853938278e-01,3.298146556409514707e-01,3.347269222578332926e-01,6.765581183801137044e-01,6.900324435907968512e-01,6.220370505234015246e-01,1.568705213719070457e-01,-5.998803234600505463e-02,3.507354886422304197e-01,4.605887577266558619e-01,4.702314913308565103e-01,5.605709520176285210e-01,-1.308362185749696871e-01,3.578737305737919594e-01,-5.568100246808636855e-02,1.656234033688242790e-01,3.069064594053652617e-01,3.560460387104928959e-01,5.335330025856023228e-01,5.420590064992909518e-01,7.061560391667434100e-01,5.600153899728620432e-01,5.873120428639581059e-01,-6.249767509226968054e-02,-1.876100190733265560e-01,3.391454624152400732e-01,5.484969645923515325e-01,2.069744152646369600e-02
5.916862741626637279e-01,-7.454833878835725666e-03,1.880929640697541760e-01,2.039710685463607120e-01,4.998427153791121236e-01,3.062138336206760569e-01,-2.246214272264310807e-01,4.756632609420906599e-01,6.115749503996716907e-01,5.343116270075832785e-01,6.230423091853938278e-01,1.000000000000000000e+00,4.463811065427144564e-01,3.915583573331496425e-01,7.491970311468972854e-01,6.937059071495853546e-01,4.642555771912698637e-01,1.430222248444129318e-01,-2.034925030097940735e-01,2.415246967500370157e-01,4.192417672313385468e-01,4.539955952091585534e-01,6.922162367507159741e-01,-5.399008000070647934e-02,5.239838897504665027e-01,1.865656003650892347e-02,2.007773313772465706e-01,3.891005321373245396e-01,4.788730514507243408e-01,5.163757701833605607e-01,5.485394560440695066e-01,6.650585460372007152e-01,6.487195472734471613e-01,6.075193345679339441e-01,4.788927909325660891e-03,-2.098189115362526780e-01,4.464065870249311896e-01,5.804949478130921880e-01,2.848886739092535564e-02
2.899816056197907499e-01,-1.170866225354548484e-01,1.241753429817437498e-01,2.814684469101153552e-01,4.365083153312127595e-01,2.069908175208114987e-01,4.770440270132434574e-02,2.602738126914893591e-01,2.196472876845822764e-01,6.595344981934146700e-02,3.298146556409514707e-01,4.463811065427144564e-01,1.000000000000000000e+00,2.467458575971263335e-01,4.497257805960881427e-01,2.694238975861547591e-01,3.111805642508577718e-01,1.657331930778677964e-01,9.818603795722100069e-02,1.046201176960046969e-01,2.311175079529182719e-01,4.142749817794962874e-01,3.125723282218150212e-01,-3.476764814049870117e-02,8.391012213547097143e-02,2.042532318550793480e-01,2.629336994600270372e-01,1.676558077728443341e-01,3.372514084696321968e-01,1.896997550178292358e-01,2.071663376943070345e-01,4.135942467292088587e-01,4.015310294779840250e-01,3.254414786332379128e-01,9.617299886285821109e-02,-2.378858130836387641e-01,1.815516168130614783e-01,3.765821258531681925e-01,6.272288484189393609e-02
3.922373664873595178e-01,1.470887362085528671e-01,2.831375327725926816e-01,1.072586024535401861e-01,4.167329038027355881e-01,4.207589782678644585e-01,-5.428678261728721310e-02,2.103099301202411842e-01,4.418639398737879698e-01,4.590624888255882552e-01,3.347269222578332926e-01,3.915583573331496425e-01,2.467458575971263335e-01,1.000000000000000000e+00,4.009687602409046647e-01,4.532945375028409885e-01,3.537126495303101748e-01,2.743822136810588064e-01,1.424170751515765609e-01,1.866113008765055981e-01,3.861167258118333168e-01,3.485207093879456597e-01,5.262083165018903719e-01,3.050362197356617511e-01,4.753519041992256278e-01,2.987546221069683483e-01,3.219632908870549981e-01,5.223787817085748797e-01,4.957789881047948710e-01,3.902972708553183456e-01,4.490156333294735291e-01,4.352642343048057638e-01,4.131036235367677167e-01,3.634872079379065091e-01,2.721885902565406856e-01,2.239137407187787310e-01,4.024746989695509591e-01,4.235441675581771426e-01,2.486370832133918407e-01
6.105548935852970205e-01,-1.438616971456070093e-01,2.321620266959160961e-01,2.389283294955037995e-01,6.096094139132537393e-01,3.278534250842738973e-01,-1.932921059799941887e-01,5.364119285759214595e-01,6.066750417500402781e-01,4.622930379552354641e-01,6.765581183801137044e-01,7.491970311468972854e-01,4.497257805960881427e-01,4.009687602409046647e-01,1.000000000000000000e+00,8.195364225052776952e-01,4.813161621969918591e-01,3.514523309484443025e-01,2.550918659983911381e-03,3.179257081293407894e-01,5.571473525217119915e-01,6.687220698478433256e-01,7.301173387238778512e-01,-3.257134904405352138e-01,4.110188289286071384e-01,7.856474881188825476e-03,1.489989628066723248e-01,4.649093598389859583e-01,4.285007929163644480e-01,6.628795463555224865e-01,6.730733771598419457e-01,6.820199029202150820e-01,7.123625700514224501e-01,7.721804569724838307e-01,-7.066633322562823616e-02,-3.879325551199471755e-01,4.192729617296624967e-01,6.931800218331123364e-01,-2.560820885317228665e-02
6.064465402181518083e-01,-4.646347668970658012e-02,1.933462814159349064e-01,1.899069205768610102e-01,5.757517440673477482e-01,4.676386527097079471e-01,-1.370771631018932735e-01,5.522653460912728685e-01,6.881852282914715513e-01,6.117025047195544518e-01,6.900324435907968512e-01,6.937059071495853546e-01,2.694238975861547591e-01,4.532945375028409885e-01,8.195364225052776952e-01,1.000000000000000000e+00,5.397944659250715205e-01,3.210704857721010663e-01,-4.838300200033346030e-03,3.551274129832112658e-01,5.474127233485847066e-01,5.579151455353412725e-01,7.661315010334041053e-01,-1.964158801935110554e-01,5.398673674581379034e-01,-8.351351845853600617e-03,1.616546955373361349e-01,5.483042475712743835e-01,4.674521994200238062e-01,6.878484159799808095e-01,6.552868719045610302e-01,6.580738580980438623e-01,6.438250174701328765e-01,7.135877716788445735e-01,-6.168387549382216284e-02,-1.399861554665470798e-01,4.721013708416713084e-01,6.434168581375604434e-01,3.757247916823282935e-02
3.977779371455238966e-01,1.542091182518939285e-01,1.135793509636821852e-01,1.368752174779341579e-01,3.378521410193354169e-01,4.916730441859238354e-01,-1.979372235100327337e-01,3.383096152640962528e-01,3.861387693167677715e-01,4.756796412050893208e-01,6.220370505234015246e-01,4.642555771912698637e-01,3.111805642508577718e-01,3.537126495303101748e-01,4.813161621969918591e-01,5.397944659250715205e-01,1.000000000000000000e+00,2.190582497618252522e-01,-6.655172268153040915e-02,1.776138745605598257e-01,3.548700555291285363e-01,3.037237177377313802e-01,6.114753963666319514e-01,1.414682784725301845e-01,5.081945362354307605e-01,2.774632855029977585e-01,2.218723235033938646e-01,3.822970763560634144e-01,5.739399398457377677e-01,3.747985932560397027e-01,4.293741901642498249e-01,4.451232216902689109e-01,4.145215705836067799e-01,3.590193181042484749e-01,1.938240549177731586e-01,-3.128486978541451108e-02,4.575003046797526673e-01,3.910108089513849028e-01,1.484089441791348329e-01
2.654398936909479478e-01,-1.183016846873263944e-01,1.634818061845962067e-01,3.411507330250290182e-01,3.146648293260221330e-01,1.352844690789778703e-01,-2.350987583315293783e-01,2.920234085911384558e-01,2.303238809084258432e-01,1.353045145604081512e-01,1.568705213719070457e-01,1.430222248444129318e-01,1.657331930778677964e-01,2.743822136810588064e-01,3.514523309484443025e-01,3.210704857721010663e-01,2.190582497618252522e-01,1.000000000000000000e+00,3.272329582439866824e-01,4.958441344927341232e-01,6.090892968888211856e-01,5.724490305627405462e-01,3.913108521505877513e-01,-2.033290115707637458e-01,2.307066355917480605e-01,3.683444820672610032e-01,1.182526129658969111e-01,3.522826406623807416e-01,3.108071201579981069e-01,2.538906044381203375e-01,3.708876017778044432e-01,2.052400828218956252e-01,4.372039523771206748e-01,4.341074742307338141e-01,2.310317470076481972e-01,-1.227403242759333574e-01,2.997751846591580338e-01,4.183942066954676187e-01,1.212087348494406136e-01
-4.953511960413599369e-02,6.068864522572409159e-03,1.696221156375499195e-01,-1.328287514039136127e-02,1.761596845096283781e-01,1.024011789549350154e-01,2.727232109407940475e-01,4.523752626381610797e-02,-6.952662534783392301e-02,9.607394496574275800e-02,-5.998803234600505463e-02,-2.034925030097940735e-01,9.818603795722100069e-02,1.424170751515765609e-01,2.550918659983911381e-03,-4.838300200033346030e-03,-6.655172268153040915e-02,3.272329582439866824e-01,1.000000000000000000e+00,2.022640188723432431e-01,2.407520186997194611e-01,2.173387315652358653e-01,-1.399810503107894177e-01,-1.492249231433493903e-02,-1.397804242371728511e-01,9.435002540794644454e-02,4.044278564542472948e-02,4.501858763225322080e-02,-2.268456935305658735e-03,4.474449638036971655e-02,-1.066805584811071350e-01,-1.251694457285854878e-01,-2.084472735345956756e-02,-2.580319386375165211e-02,1.000224539200148116e-01,1.066788716997238845e-01,-1.323365470621640505e-01,-1.196743684746123942e-01,3.997921931206494667e-02
1.121722118567076154e-01,-2.447267634077602838e-01,2.444037351932424121e-02,2.097600888199641356e-01,3.056835953892763635e-01,3.160090023652465940e-01,1.061001471355026843e-01,6.653457032671050708e-01,3.578261072747167537e-01,2.077604394869931592e-01,3.507354886422304197e-01,2.415246967500370157e-01,1.046201176960046969e-01,1.866113008765055981e-01,3.179257081293407894e-01,3.551274129832112658e-01,1.776138745605598257e-01,4.958441344927341232e-01,2.022640188723432431e-01,1.000000000000000000e+00,6.658376932676001170e-01,6.368922952166100604e-01,3.176878398336845377e-01,-8.478413159516277886e-02,2.558954541322811527e-01,1.278878151663950802e-01,1.343205176656296074e-01,3.243587898098173050e-01,2.720161449387372143e-01,3.352166238419681532e-01,3.561701039917374856e-01,2.648840837196463349e-01,2.861631418104926272e-01,3.861694407622934255e-01,1.118911968541649316e-01,4.690279437780379979e-02,1.869114154947958961e-01,4.267058915424040699e-01,2.190628907653190405e-01
4.005119221532782992e-01,-6.763890201884763254e-02,1.587350024683957805e-01,1.842394801722128106e-01,3.988326699053812430e-01,3.319320751483893495e-01,-1.799418022912525339e-01,6.459406206862599031e-01,4.528163319003103426e-01,4.015902114789013932e-01,4.605887577266558619e-01,4.192417672313385468e-01,2.311175079529182719e-01,3.861167258118333168e-01,5.571473525217119915e-01,5.474127233485847066e-01,3.548700555291285363e-01,6.090892968888211856e-01,2.407520186997194611e-01,6.658376932676001170e-01,1.000000000000000000e+00,7.479766534825054158e-01,5.380112861338037789e-01,-1.307779548822813331e-01,4.126381777460376710e-01,2.215857492138476881e-01,1.703665919738442669e-01,4.503616950668025698e-01,4.476121332917820106e-01,5.567357611471024370e-01,5.525181388278326278e-01,4.259409958020546894e-01,5.291248986823653411e-01,5.663228505555055747e-01,1.117647586728576503e-01,-7.828805589265362685e-02,3.956747771724847262e-01,5.437365477901996424e-01,1.477300924485114852e-01
4.272269323573852917e-01,-2.167721783175463879e-01,2.196586800203420842e-01,3.199406003768230367e-01,5.261952728578146443e-01,2.527868027883296564e-01,-7.468831398959223378e-02,6.547231553922885361e-01,4.800151166374711509e-01,2.266844990385016301e-01,4.702314913308565103e-01,4.539955952091585534e-01,4.142749817794962874e-01,3.485207093879456597e-01,6.687220698478433256e-01,5.579151455353412725e-01,3.037237177377313802e-01,5.724490305627405462e-01,2.173387315652358653e-01,6.368922952166100604e-01,7.479766534825054158e-01,1.000000000000000000e+00,5.378976528273033964e-01,-2.858956299352767294e-01,2.947834641907354780e-01,2.377933164046750758e-01,2.791015158297824317e-01,4.562382333277101853e-01,4.135400275263509950e-01,5.544625872812013467e-01,6.173288107242005385e-01,5.299730704197163078e-01,6.211603965704319830e-01,6.860514453486393771e-01,1.157953692412896501e-01,-2.614504310749401483e-01,3.500234294095201926e-01,6.522991188078851588e-01,1.447845400695535467e-01
5.860643830426524037e-01,4.784715271750111798e-02,2.174348649706428493e-01,2.101741320120213696e-01,4.756809631254660387e-01,4.504335729578489156e-01,-3.428329478103457895e-01,4.855236113411415255e-01,6.346161986771788888e-01,5.502227704010760334e-01,5.605709520176285210e-01,6.922162367507159741e-01,3.125723282218150212e-01,5.262083165018903719e-01,7.301173387238778512e-01,7.661315010334041053e-01,6.114753963666319514e-01,3.913108521505877513e-01,-1.399810503107894177e-01,3.176878398336845377e-01,5.380112861338037789e-01,5.378976528273033964e-01,1.000000000000000000e+00,-3.370413694064714610e-02,7.506456975566060397e-01,2.056192181315498468e-01,2.160076940110222665e-01,5.865372630354436234e-01,5.900517876643625037e-01,5.941308484325629191e-01,6.709926858529794425e-01,6.090252361755756905e-01,6.448022263855800462e-01,6.538468669637913511e-01,1.469731262345059242e-01,-8.418933550307966529e-02,6.112185494725517199e-01,6.594927582585091708e-01,1.387405241235432629e-01
-1.437473646977140973e-01,3.649844483498054237e-01,-7.121851893751261764e-02,-1.165752962248875341e-01,-1.445974314653854509e-01,2.122478059065953104e-01,6.426034228576665841e-02,-1.154616894419664280e-01,-1.083458864634952862e-01,2.053102345568356690e-01,-1.308362185749696871e-01,-5.399008000070647934e-02,-3.476764814049870117e-02,3.050362197356617511e-01,-3.257134904405352138e-01,-1.964158801935110554e-01,1.414682784725301845e-01,-2.033290115707637458e-01,-1.492249231433493903e-02,-8.478413159516277886e-02,-1.307779548822813331e-01,-2.858956299352767294e-01,-3.370413694064714610e-02,1.000000000000000000e+00,2.860234088967115174e-01,3.427130636783790041e-01,2.319956993193934558e-01,6.578302087231820573e-04,2.985929583565440359e-01,-1.350871544195673124e-01,-1.661384676972058050e-01,-7.263071680160121391e-02,-2.564855853247889894e-01,-3.728789673407431615e-01,3.695688040352855253e-01,5.477413071400738520e-01,1.571454492784900570e-01,-1.417498110223507357e-01,3.996267450613411598e-01
4.154297658213395028e-01,2.689062289945988171e-01,1.155113408133735253e-01,-6.118310892581880003e-03,2.257270284893995449e-01,4.832800719593003391e-01,-3.631286539465783947e-01,3.663985841607489413e-01,5.209966690554411750e-01,6.182087492611181290e-01,3.578737305737919594e-01,5.239838897504665027e-01,8.391012213547097143e-02,4.753519041992256278e-01,4.110188289286071384e-01,5.398673674581379034e-01,5.081945362354307605e-01,2.307066355917480605e-01,-1.397804242371728511e-01,2.558954541322811527e-01,4.126381777460376710e-01,2.947834641907354780e-01,7.506456975566060397e-01,2.860234088967115174e-01,1.000000000000000000e+00,2.933634382639330185e-01,2.389096386869806465e-01,4.764598664542543105e-01,5.723754989278539984e-01,4.483421280214853755e-01,4.905738703792452693e-01,3.979084921919072149e-01,4.067857713311180956e-01,3.562889307440457176e-01,2.548325296655820638e-01,2.482661823625545994e-01,6.267620300649491272e-01,4.729480144454893953e-01,3.368207731819067852e-01
1.707824186654808840e-01,2.792466552366564270e-01,1.548940595485438498e-01,1.482822024475629330e-01,1.905327417852295882e-02,1.254246172038888107e-01,-1.607854525122416056e-01,-1.759461856751107223e-02,8.251288815524300546e-02,1.073156546558387686e-01,-5.568100246808636855e-02,1.865656003650892347e-02,2.042532318550793480e-01,2.987546221069683483e-01,7.856474881188825476e-03,-8.351351845853600617e-03,2.774632855029977585e-01,3.683444820672610032e-01,9.435002540794644454e-02,1.278878151663950802e-01,2.215857492138476881e-01,2.377933164046750758e-01,2.056192181315498468e-01,3.427130636783790041e-01,2.933634382639330185e-01,1.000000000000000000e+00,5.976066230969334647e-01,2.983618688655415574e-01,4.306405224827592471e-01,9.115733560828206961e-02,2.145257918944573905e-01,4.688152505129682124e-02,1.541808639174790663e-01,-1.011984579023406799e-02,5.826990768753851357e-01,2.426826264378140474e-01,4.265364039099892035e-01,2.419369872457655946e-01,4.026827722879916527e-01
2.253688287886207453e-01,5.387273906142281410e-02,8.720938476832502950e-02,2.561430742631164159e-02,8.442986332862705001e-02,1.497841014444261688e-02,2.106089921082220096e-02,1.090458030295491931e-01,2.659248421590903466e-01,2.066115870725118708e-02,1.656234033688242790e-01,2.007773313772465706e-01,2.629336994600270372e-01,3.219632908870549981e-01,1.489989628066723248e-01,1.616546955373361349e-01,2.218723235033938646e-01,1.182526129658969111e-01,4.044278564542472948e-02,1.343205176656296074e-01,1.703665919738442669e-01,2.791015158297824317e-01,2.160076940110222665e-01,2.319956993193934558e-01,2.389096386869806465e-01,5.976066230969334647e-01,1.000000000000000000e+00,2.381182635108869960e-01,3.892009816718275395e-01,5.138076659395359597e-02,2.515689948808750853e-01,3.451145112440026086e-01,3.027317909975192345e-01,1.140345762527164158e-01,4.983235385849540400e-01,1.974050353287975512e-01,3.995934240164989992e-01,3.799434744038630574e-01,4.290651469794996009e-01
4.085605956247103654e-01,1.195370019607426282e-01,2.936691649952200556e-01,3.986566259083815233e-01,5.281889817810144772e-01,4.993981698377563672e-01,3.543365269012698632e-02,2.840487533584051261e-01,4.937828532270825965e-01,4.673189352148866549e-01,3.069064594053652617e-01,3.891005321373245396e-01,1.676558077728443341e-01,5.223787817085748797e-01,4.649093598389859583e-01,5.483042475712743835e-01,3.822970763560634144e-01,3.522826406623807416e-01,4.501858763225322080e-02,3.243587898098173050e-01,4.503616950668025698e-01,4.562382333277101853e-01,5.865372630354436234e-01,6.578302087231820573e-04,4.764598664542543105e-01,2.983618688655415574e-01,2.381182635108869960e-01,1.000000000000000000e+00,5.638077104049955546e-01,5.218822054871359306e-01,6.757417498077237239e-01,3.961241682301026579e-01,4.072798937437963618e-01,4.567315124913270408e-01,9.242521720131152696e-02,-2.257102719242667921e-02,3.516202052104841491e-01,3.844388717856686566e-01,2.060296609171021615e-02
4.326438228002772446e-01,2.130192506367322436e-01,6.689989580428186422e-02,1.898750865963370893e-01,3.219396734497064205e-01,4.167975448813250883e-01,-2.870323270457827425e-01,3.492246928194714384e-01,4.445399685870773387e-01,4.641417639409840534e-01,3.560460387104928959e-01,4.788730514507243408e-01,3.372514084696321968e-01,4.957789881047948710e-01,4.285007929163644480e-01,4.674521994200238062e-01,5.739399398457377677e-01,3.108071201579981069e-01,-2.268456935305658735e-03,2.720161449387372143e-01,4.476121332917820106e-01,4.135400275263509950e-01,5.900517876643625037e-01,2.985929583565440359e-01,5.723754989278539984e-01,4.306405224827592471e-01,3.892009816718275395e-01,5.638077104049955546e-01,1.000000000000000000e+00,3.973816835434372252e-01,5.170091664631747408e-01,5.071289304821199329e-01,4.277954577363968780e-01,2.717309831716932522e-01,3.578211464513929019e-01,7.784018891534331963e-02,6.008603105656544763e-01,4.948010847251885780e-01,3.207012302784135738e-01
5.253783241348125577e-01,6.926407625068506380e-02,1.711057889559895739e-01,8.795660610785359379e-02,4.290688803045341060e-01,4.095625222000410792e-01,-1.277278833317422035e-01,4.879882908562677701e-01,5.751448354145541897e-01,5.776683718605628570e-01,5.335330025856023228e-01,5.163757701833605607e-01,1.896997550178292358e-01,3.902972708553183456e-01,6.628795463555224865e-01,6.878484159799808095e-01,3.747985932560397027e-01,2.538906044381203375e-01,4.474449638036971655e-02,3.352166238419681532e-01,5.567357611471024370e-01,5.544625872812013467e-01,5.941308484325629191e-01,-1.350871544195673124e-01,4.483421280214853755e-01,9.115733560828206961e-02,5.138076659395359597e-02,5.218822054871359306e-01,3.973816835434372252e-01,1.000000000000000000e+00,5.831013427654225811e-01,4.499797593147289998e-01,4.381114465881639775e-01,6.104362790849743314e-01,-7.382046798893707185e-02,-4.464497732270215902e-02,3.329898782504915333e-01,5.114066084110631127e-01,3.430240691935788899e-02
5.383900358482023307e-01,6.921178122456660142e-02,1.965804444822052410e-01,2.470446673354211031e-01,4.749733562650190755e-01,3.947137576713212748e-01,-1.723933964736613644e-01,4.803063699113367391e-01,5.622771748562479521e-01,4.529447624969039077e-01,5.420590064992909518e-01,5.485394560440695066e-01,2.071663376943070345e-01,4.490156333294735291e-01,6.730733771598419457e-01,6.552868719045610302e-01,4.293741901642498249e-01,3.708876017778044432e-01,-1.066805584811071350e-01,3.561701039917374856e-01,5.525181388278326278e-01,6.173288107242005385e-01,6.709926858529794425e-01,-1.661384676972058050e-01,4.905738703792452693e-01,2.145257918944573905e-01,2.515689948808750853e-01,6.757417498077237239e-01,5.170091664631747408e-01,5.831013427654225811e-01,1.000000000000000000e+00,6.320022572247160353e-01,6.124342171147164615e-01,6.369164329176176809e-01,7.628431686366382580e-02,-2.300627313608394342e-01,5.503841513414792219e-01,5.996119231608773026e-01,7.850650517096123548e-02
6.159815004378127457e-01,9.135272851520338452e-03,6.875077083279150514e-02,2.073700466833588441e-01,4.542219837890969503e-01,3.237851651908331685e-01,-1.206984349377652338e-01,4.882413820970653018e-01,5.979229337647382625e-01,3.491677284303593143e-01,7.061560391667434100e-01,6.650585460372007152e-01,4.135942467292088587e-01,4.352642343048057638e-01,6.820199029202150820e-01,6.580738580980438623e-01,4.451232216902689109e-01,2.052400828218956252e-01,-1.251694457285854878e-01,2.648840837196463349e-01,4.259409958020546894e-01,5.299730704197163078e-01,6.090252361755756905e-01,-7.263071680160121391e-02,3.979084921919072149e-01,4.688152505129682124e-02,3.451145112440026086e-01,3.961241682301026579e-01,5.071289304821199329e-01,4.499797593147289998e-01,6.320022572247160353e-01,1.000000000000000000e+00,6.625811906043316268e-01,5.876225975019541137e-01,6.390941429094899873e-02,-2.308927768775666800e-01,5.092798818180842568e-01,6.584512871130446809e-01,1.384785251304713471e-01
6.263411617295067124e-01,-5.708730882612524787e-02,2.066591218422737797e-01,2.806778863679717517e-01,4.768937278022244985e-01,2.103691530524233189e-01,-3.283973852045025676e-01,3.871843392634976566e-01,6.002231220916020016e-01,2.968331539200341762e-01,5.600153899728620432e-01,6.487195472734471613e-01,4.015310294779840250e-01,4.131036235367677167e-01,7.123625700514224501e-01,6.438250174701328765e-01,4.145215705836067799e-01,4.372039523771206748e-01,-2.084472735345956756e-02,2.861631418104926272e-01,5.291248986823653411e-01,6.211603965704319830e-01,6.448022263855800462e-01,-2.564855853247889894e-01,4.067857713311180956e-01,1.541808639174790663e-01,3.027317909975192345e-01,4.072798937437963618e-01,4.277954577363968780e-01,4.381114465881639775e-01,6.124342171147164615e-01,6.625811906043316268e-01,1.000000000000000000e+00,6.701477325035428700e-01,1.530546650787315277e-01,-2.583044565728946917e-01,4.934841550462804594e-01,6.414670831360056447e-01,7.458469103339519790e-02
5.173288754141792678e-01,-1.820813713263808031e-01,2.370098713920860412e-01,3.000163665742452967e-01,6.293342092837002077e-01,2.997422650735418470e-01,-8.091275237447298485e-02,5.257825447196842195e-01,5.612673581511691268e-01,3.329900688004208131e-01,5.873120428639581059e-01,6.075193345679339441e-01,3.254414786332379128e-01,3.634872079379065091e-01,7.721804569724838307e-01,7.135877716788445735e-01,3.590193181042484749e-01,4.341074742307338141e-01,-2.580319386375165211e-02,3.861694407622934255e-01,5.663228505555055747e-01,6.860514453486393771e-01,6.538468669637913511e-01,-3.728789673407431615e-01,3.562889307440457176e-01,-1.011984579023406799e-02,1.140345762527164158e-01,4.567315124913270408e-01,2.717309831716932522e-01,6.104362790849743314e-01,6.369164329176176809e-01,5.876225975019541137e-01,6.701477325035428700e-01,1.000000000000000000e+00,-6.383441562982582196e-02,-3.609820033368572045e-01,2.855140832045827137e-01,6.048880065098432013e-01,-5.769565682959252456e-02
1.022991616170309120e-01,1.891410431914987422e-01,8.773422515231733831e-02,3.303826516722857369e-03,-8.392933830530859007e-02,2.086199838104748142e-02,-1.484702810467262157e-01,-2.370135872010710465e-02,5.179382790982030998e-02,3.195959865352683560e-02,-6.249767509226968054e-02,4.788927909325660891e-03,9.617299886285821109e-02,2.721885902565406856e-01,-7.066633322562823616e-02,-6.168387549382216284e-02,1.938240549177731586e-01,2.310317470076481972e-01,1.000224539200148116e-01,1.118911968541649316e-01,1.117647586728576503e-01,1.157953692412896501e-01,1.469731262345059242e-01,3.695688040352855253e-01,2.548325296655820638e-01,5.826990768753851357e-01,4.983235385849540400e-01,9.242521720131152696e-02,3.578211464513929019e-01,-7.382046798893707185e-02,7.628431686366382580e-02,6.390941429094899873e-02,1.530546650787315277e-01,-6.383441562982582196e-02,1.000000000000000000e+00,3.160004388333569891e-01,4.687857962196803063e-01,1.348596877170952502e-01,3.241451872165392323e-01
-1.285372715347324335e-01,2.506780970129618979e-01,-7.272795786496505377e-02,-3.301159967892970948e-01,-2.764770772271601951e-01,1.189171986798443353e-01,3.172957608081141551e-02,-8.090575177083936254e-02,5.555838381488021477e-02,1.512888236857148627e-01,-1.876100190733265560e-01,-2.098189115362526780e-01,-2.378858130836387641e-01,2.239137407187787310e-01,-3.879325551199471755e-01,-1.399861554665470798e-01,-3.128486978541451108e-02,-1.227403242759333574e-01,1.066788716997238845e-01,4.690279437780379979e-02,-7.828805589265362685e-02,-2.614504310749401483e-01,-8.418933550307966529e-02,5.477413071400738520e-01,2.482661823625545994e-01,2.426826264378140474e-01,1.974050353287975512e-01,-2.257102719242667921e-02,7.784018891534331963e-02,-4.464497732270215902e-02,-2.300627313608394342e-01,-2.308927768775666800e-01,-2.583044565728946917e-01,-3.609820033368572045e-01,3.160004388333569891e-01,1.000000000000000000e+00,1.300594186797676133e-01,-1.278846216273716030e-01,4.198528265705627205e-01
4.791925219674887937e-01,2.681854187976426274e-01,6.717593544855110510e-02,-3.110487084510940581e-02,1.211909069831404451e-01,2.383098276097099510e-01,-4.697983294197576876e-01,2.684598018114219276e-01,4.572766887596074192e-01,4.065730952260871445e-01,3.391454624152400732e-01,4.464065870249311896e-01,1.815516168130614783e-01,4.024746989695509591e-01,4.192729617296624967e-01,4.721013708416713084e-01,4.575003046797526673e-01,2.997751846591580338e-01,-1.323365470621640505e-01,1.869114154947958961e-01,3.956747771724847262e-01,3.500234294095201926e-01,6.112185494725517199e-01,1.571454492784900570e-01,6.267620300649491272e-01,4.265364039099892035e-01,3.995934240164989992e-01,3.516202052104841491e-01,6.008603105656544763e-01,3.329898782504915333e-01,5.503841513414792219e-01,5.092798818180842568e-01,4.934841550462804594e-01,2.855140832045827137e-01,4.687857962196803063e-01,1.300594186797676133e-01,1.000000000000000000e+00,5.529497928625415337e-01,4.185629592010832734e-01
5.551608964197883855e-01,-1.106790396384653291e-01,-4.899617985846516088e-02,9.490588369186093998e-02,3.551354171704225182e-01,2.249289776744903269e-01,-3.009645636836321692e-01,5.206109804538983088e-01,6.079904353039908838e-01,2.696778005841387049e-01,5.484969645923515325e-01,5.804949478130921880e-01,3.765821258531681925e-01,4.235441675581771426e-01,6.931800218331123364e-01,6.434168581375604434e-01,3.910108089513849028e-01,4.183942066954676187e-01,-1.196743684746123942e-01,4.267058915424040699e-01,5.437365477901996424e-01,6.522991188078851588e-01,6.594927582585091708e-01,-1.417498110223507357e-01,4.729480144454893953e-01,2.419369872457655946e-01,3.799434744038630574e-01,3.844388717856686566e-01,4.948010847251885780e-01,5.114066084110631127e-01,5.996119231608773026e-01,6.584512871130446809e-01,6.414670831360056447e-01,6.048880065098432013e-01,1.348596877170952502e-01,-1.278846216273716030e-01,5.529497928625415337e-01,1.000000000000000000e+00,4.252718934085729652e-01
6.459296753703280825e-02,1.606209736492860418e-01,-2.754664427864871312e-01,-2.642340644174478448e-01,-1.066143116586837220e-01,2.858467903009420663e-02,-1.913285193214275537e-01,1.330329871607160985e-01,1.396191395917151246e-01,7.687047492831844582e-03,2.069744152646369600e-02,2.848886739092535564e-02,6.272288484189393609e-02,2.486370832133918407e-01,-2.560820885317228665e-02,3.757247916823282935e-02,1.484089441791348329e-01,1.212087348494406136e-01,3.997921931206494667e-02,2.190628907653190405e-01,1.477300924485114852e-01,1.447845400695535467e-01,1.387405241235432629e-01,3.996267450613411598e-01,3.368207731819067852e-01,4.026827722879916527e-01,4.290651469794996009e-01,2.060296609171021615e-02,3.207012302784135738e-01,3.430240691935788899e-02,7.850650517096123548e-02,1.384785251304713471e-01,7.458469103339519790e-02,-5.769565682959252456e-02,3.241451872165392323e-01,4.198528265705627205e-01,4.185629592010832734e-01,4.252718934085729652e-01,1.000000000000000000e+00
