1.000000000000000000e+00,6.879166077324581074e-01,2.917680582773895040e-02,2.248081643409737818e-01,6.650112190759124332e-03,2.825335891908698285e-02,1.151734054767361431e-01,2.901473021202862768e-01,3.399853318132046720e-01,-1.109457755475643480e-02,4.215238681781435792e-02,-3.121547605229376549e-02,-1.226789516698038526e-02,1.150012977546644860e-01,1.115170527858809491e-01,1.763214367712193920e-01,9.200744676584510923e-03,4.805980910268060208e-02,1.147029226640513544e-01,2.034880375876967906e-01,2.832175583764403037e-01,2.639440615235551513e-01,-1.219480825941879169e-02,-1.850093568826410573e-01,-1.234765398302014455e-01,2.324817945249758044e-01,2.555484454400944738e-01,1.772800824679216791e-01,1.521193437228113288e-01,-1.232659902942923914e-02,-1.219137516085353756e-01,-1.008343623835461500e-01,1.435330527106656595e-01,2.914225041892703691e-02,-1.100453834733265274e-01,1.246190798757732116e-01,-1.800398018087679963e-01,-5.873423276151482075e-02,-1.450615904872123718e-01
6.879166077324581074e-01,1.000000000000000000e+00,-3.050889302587878049e-02,1.596208175009732610e-01,5.874806046823534411e-02,6.127439002744988067e-02,-5.246368130739080538e-03,2.195896419811550482e-01,4.515506878322886886e-01,7.236209363299205000e-02,9.467780404598483135e-02,5.209327664423713672e-02,-5.412708540891780079e-02,6.045407996459913058e-02,1.489049239710454886e-01,1.723906217145577124e-01,8.128531498996951002e-03,1.080528436418140836e-01,2.692856246950098287e-01,2.503319422576372189e-01,2.234417957784776143e-01,2.928286456251886216e-01,1.766747950306379183e-02,-2.306753448648431459e-01,-2.190974701549807361e-05,4.574850520220576922e-01,4.461542523256455395e-01,1.683336489953269066e-01,1.647349143274440819e-01,1.250557638452746145e-01,-3.304056701097715654e-02,-4.492693872519804704e-02,2.991996479922466867e-01,7.733909305849313853e-02,-4.010473335125327998e-02,2.182033141463146364e-01,-4.805749072232524260e-02,2.297285262940398642e-01,1.369224576292981388e-01
2.917680582773895040e-02,-3.050889302587878049e-02,1.000000000000000000e+00,-8.202302651068917039e-02,-3.592435549953003349e-02,-9.876754808882473591e-02,9.006237336963736351e-02,-3.371195079036594655e-01,-1.029638713770505976e-02,6.807714750908697154e-02,-5.498680717401954743e-02,1.504783686976771673e-01,1.275711412950734092e-01,-8.842383576025129865e-02,9.923297778805220681e-02,1.176142111166690596e-02,-1.328514150589362071e-02,-3.312364531442361926e-02,-2.398354796065537212e-02,-2.151613641143945710e-01,-6.756664009693772593e-03,-1.943640484042963301e-01,1.009302102512954630e-01,1.748722644937403606e-02,1.710957668984535995e-01,-6.993938476847660901e-02,-1.261780744213938377e-01,2.115871370992914932e-02,-5.170912976604106343e-02,-5.778630777243601996e-02,3.848737145009492600e-02,-4.273983445094813038e-02,-1.589772255708751802e-01,9.655612592899010319e-03,-2.211097305339278923e-02,-6.107421434869152871e-02,-1.750213798134325413e-02,-2.866583698497814359e-01,-2.818322280961874093e-01
2.248081643409737818e-01,1.596208175009732610e-01,-8.202302651068917039e-02,1.000000000000000000e+00,7.079815795738158002e-01,5.229258220951732428e-01,6.176544081571369027e-01,1.414248078179869694e-01,9.502575632181081006e-03,4.640588546446450247e-02,3.145413791267689246e-02,-1.642735726738009383e-01,9.609163812661875026e-02,-1.594165634220306646e-02,1.139308755540895113e-01,3.645909414061399567e-01,-8.379096713330212720e-02,2.933347230906459095e-03,9.229475428768511847e-02,2.071345611532330599e-01,1.018910666119601377e-01,2.819425358923909886e-01,1.650101792763661035e-01,-1.467627098343460001e-01,-2.702908251967149900e-01,-1.155536136351670018e-01,-2.222097850759787840e-03,3.747812248818796488e-01,1.753445614223030913e-01,2.032279641330234921e-01,1.515456240753551955e-04,7.078705856577739708e-02,8.892757102388101909e-02,2.270079224163112364e-01,-3.420566290057845960e-01,-2.595262642584075796e-01,-4.251686576384815508e-01,-1.522273327423231681e-01,-3.408599584278290129e-01
6.650112190759124332e-03,5.874806046823534411e-02,-3.592435549953003349e-02,7.079815795738158002e-01,1.000000000000000000e+00,5.881534902685451316e-01,6.263501309857032462e-01,7.520040583250627020e-02,-1.154157578266489514e-01,2.468936546515473618e-01,2.095493093936681706e-01,1.571160383047761136e-02,2.293320283991725494e-01,-4.178722461922288606e-02,2.558417787756138706e-01,4.513066187887365688e-01,6.826438025351312666e-02,-7.033717829745664198e-04,1.534072695795685171e-01,1.263685823575124156e-01,2.085612666270431764e-02,1.928300536063148607e-01,3.101941008462380522e-01,-2.641699274407114870e-02,-4.049249813611565524e-02,-1.680425013843029891e-01,-7.241108373194954373e-02,2.745538268670901227e-01,8.701812698065310159e-02,2.641856168896914436e-01,2.211223281791654602e-02,1.022403229909279315e-01,1.516513544090742904e-01,2.919396737665231889e-01,-2.891934124638790848e-01,-2.287356832207675661e-01,-3.825255385497780547e-01,2.003951042775719508e-03,-2.304623750222389578e-01
2.825335891908698285e-02,6.127439002744988067e-02,-9.876754808882473591e-02,5.229258220951732428e-01,5.881534902685451316e-01,1.000000000000000000e+00,4.564583438655172021e-01,1.457065423383062941e-01,2.924098418361096088e-02,6.262996206426191259e-02,2.186581276762388504e-01,-7.785996557324062484e-02,1.657036699928719492e-01,2.976992818620585179e-01,1.885168594896327321e-01,3.721768060984609328e-01,1.535111448677363710e-01,-2.549339507408243666e-01,-1.431517320388399628e-01,2.090827877633791854e-01,1.390362521513591187e-02,2.745096223073932862e-01,4.225878497289025093e-01,2.286280345728611274e-01,-7.843732559453557573e-02,-5.970385688225838226e-03,4.480904708904599743e-02,4.539218812034410133e-01,3.019118173585349507e-01,5.112708426991950939e-01,3.183008319175705814e-01,4.043040311378660601e-01,2.600856855402249868e-01,1.093545443407527712e-01,1.909203240647722177e-02,-1.533918586432747033e-01,-5.074094559460507609e-02,8.729460633357313815e-02,-9.142686674229665023e-02
1.151734054767361431e-01,-5.246368130739080538e-03,9.006237336963736351e-02,6.176544081571369027e-01,6.263501309857032462e-01,4.564583438655172021e-01,1.000000000000000000e+00,2.510466023337730723e-01,-8.973895615657809244e-02,2.739059567930543504e-01,1.568586128440377092e-01,6.553833189007574056e-02,2.688911433493132441e-01,6.100447851897648766e-02,1.647591277026111689e-01,3.171425415107576584e-01,4.176870592125014880e-02,-3.365762312341739199e-02,1.078750530087278087e-01,3.103531576274716763e-01,1.298028491362262227e-01,3.691656064337487941e-01,9.130667178463582057e-02,-2.138136545847584558e-01,-3.477804449110437346e-02,-1.696305016008892719e-01,-1.582143383887516519e-01,3.653361929881435710e-01,1.107674203647713573e-01,2.976496732739047912e-01,3.140948087308852998e-01,3.358500594920106885e-01,1.057000693919136480e-01,4.447726160899509451e-01,-2.282914944435230908e-01,-1.176588421531905987e-01,-2.043759658010390612e-01,-1.520369659526697170e-01,-3.293905431155778607e-01
2.901473021202862768e-01,2.195896419811550482e-01,-3.371195079036594655e-01,1.414248078179869694e-01,7.520040583250627020e-02,1.457065423383062941e-01,2.510466023337730723e-01,1.000000000000000000e+00,1.201685834147574322e-01,6.398741922096038738e-03,4.163753046367427157e-02,-5.371790908105825157e-02,-7.871937041186320705e-02,2.250857250369373286e-01,7.129553511603371752e-02,9.914062362812404994e-02,1.254601796101307565e-01,7.669868194440070119e-02,8.288503027073974849e-02,6.033853054298424778e-01,5.600003130499398019e-01,6.680349979848870801e-01,-8.794850459366728573e-03,-1.607126255953148508e-01,-3.997150772124789114e-02,1.073665689497921433e-01,8.172230262965063385e-02,2.158702419657746452e-01,1.945286545303495096e-01,2.085198860115976827e-01,2.013411304036424043e-01,2.828462898738646203e-01,2.872163006430409893e-01,3.494871271555669567e-01,1.723087997353225931e-01,3.037573323329550989e-01,1.454311673731830679e-01,1.044555118063429655e-01,1.170136606643346622e-01
3.399853318132046720e-01,4.515506878322886886e-01,-1.029638713770505976e-02,9.502575632181081006e-03,-1.154157578266489514e-01,2.924098418361096088e-02,-8.973895615657809244e-02,1.201685834147574322e-01,1.000000000000000000e+00,-4.779256977480100810e-02,-5.196654047760249778e-02,2.149596055698583044e-02,-8.636259190961108334e-02,-4.293167570563404672e-02,7.734508574035586781e-02,3.159751696504244783e-02,6.240901868996415712e-03,-1.508183364323112674e-01,3.853065035701754189e-03,1.911490863631463630e-02,-2.918188864968236304e-02,6.944236857254659778e-02,2.481945412579738067e-02,-7.743082905747455946e-02,6.566618357263070971e-02,4.517695503729514672e-01,4.513895137596445895e-01,1.771791001575207664e-02,1.118657424918207827e-01,1.688741234832213597e-02,5.813303509115454355e-03,-4.065080876404072313e-02,3.155989190514044140e-01,-1.158566755881620079e-02,6.887155332833194699e-02,1.951632166096870513e-01,2.983535094700610554e-02,3.579338286022867299e-01,2.034579939728196341e-01
-1.109457755475643480e-02,7.236209363299205000e-02,6.807714750908697154e-02,4.640588546446450247e-02,2.468936546515473618e-01,6.262996206426191259e-02,2.739059567930543504e-01,6.398741922096038738e-03,-4.779256977480100810e-02,1.000000000000000000e+00,6.963536097921761980e-01,7.618590369116070571e-01,6.496397276657589481e-01,-8.190774361638224199e-02,6.025028721899694517e-01,5.474627528426045942e-01,5.021678769844405421e-01,-3.068836373382463623e-02,2.540524306663620724e-01,4.398705611015163441e-02,-3.442497767315722771e-03,1.032375964908299332e-01,2.093654978591602822e-01,-9.006029068104241808e-02,4.540646751038929230e-01,-1.624874791509056324e-02,-9.207646149372309546e-03,5.136755271435701486e-02,4.351066492040547851e-02,2.069595344581197649e-01,-8.152177075795264197e-03,-3.026209570774164928e-02,2.739802739667026588e-01,3.067434842507850146e-01,-1.645611259609107702e-01,-8.422049231320311025e-03,-3.453948681756686262e-02,8.098599253020279110e-02,2.009542355420075588e-02
4.215238681781435792e-02,9.467780404598483135e-02,-5.498680717401954743e-02,3.145413791267689246e-02,2.095493093936681706e-01,2.186581276762388504e-01,1.568586128440377092e-01,4.163753046367427157e-02,-5.196654047760249778e-02,6.963536097921761980e-01,1.000000000000000000e+00,5.782286715559937784e-01,6.396636116514530235e-01,2.534950417976203005e-02,4.954913443311527721e-01,4.493751587100399125e-01,5.766834008209464901e-01,-1.142110273737589055e-01,1.732761746077891574e-01,7.341007327868326326e-02,-1.934762152620140771e-02,1.294491720015029934e-01,2.011654673750180033e-01,4.533225325371303266e-02,2.690779454063265685e-01,5.324607461669991597e-03,6.709848335898098426e-03,2.374566448211259256e-02,3.127746842690418833e-02,2.265485723921944472e-01,-8.549895612979316328e-02,-2.746006460890758338e-02,2.083150357731735902e-01,2.932665176137081928e-02,-2.235490367615683982e-01,-1.587782139941619763e-01,-1.144754958673063622e-01,9.289421003279514644e-02,4.069663356709340984e-02
-3.121547605229376549e-02,5.209327664423713672e-02,1.504783686976771673e-01,-1.642735726738009383e-01,1.571160383047761136e-02,-7.785996557324062484e-02,6.553833189007574056e-02,-5.371790908105825157e-02,2.149596055698583044e-02,7.618590369116070571e-01,5.782286715559937784e-01,1.000000000000000000e+00,6.453406045013858616e-01,-1.030008744374637936e-01,6.226000784568960222e-01,4.166338763173413340e-01,4.368496739511531501e-01,-1.654643506507997852e-01,8.666454910385699983e-02,-4.084903613574403236e-02,-4.631542282861883519e-02,2.812007923300433986e-03,1.627476521023959732e-01,-2.885788085068520525e-02,5.002345240782904989e-01,9.991513416233899214e-02,8.630610359315221691e-02,3.990537292416245461e-03,2.554177184357275896e-03,9.119013609678550125e-02,-7.828878739031132350e-03,-5.200359477079994491e-02,2.085127838181498050e-01,2.278410211928083851e-01,-5.109157118713757162e-03,2.253929130009212425e-02,1.647701989406269996e-01,1.384988903217308776e-01,1.207820278392416069e-01
-1.226789516698038526e-02,-5.412708540891780079e-02,1.275711412950734092e-01,9.609163812661875026e-02,2.293320283991725494e-01,1.657036699928719492e-01,2.688911433493132441e-01,-7.871937041186320705e-02,-8.636259190961108334e-02,6.496397276657589481e-01,6.396636116514530235e-01,6.453406045013858616e-01,1.000000000000000000e+00,-7.055914776877839079e-02,5.423052520786771913e-01,4.687094512781710964e-01,4.842188404871098362e-01,-2.407531052129148197e-01,-1.393816110680405271e-02,-1.376024692566588103e-01,-1.304889607796891060e-01,-6.323676036732098216e-02,2.317693441766778828e-01,3.864528228525035414e-02,2.706712069530972098e-01,-1.172392486694621705e-01,-6.002425998533632290e-02,2.569563863398900000e-02,3.446033733191845600e-03,7.173051099187484347e-02,-1.550858162765820780e-01,-7.987681500052383476e-02,3.994491207095127866e-02,7.961818935596683133e-02,-2.448843251652059461e-01,-2.347735069173420286e-01,-1.756862513100471701e-01,2.189204422697231534e-02,-1.187376042277335370e-01
1.150012977546644860e-01,6.045407996459913058e-02,-8.842383576025129865e-02,-1.594165634220306646e-02,-4.178722461922288606e-02,2.976992818620585179e-01,6.100447851897648766e-02,2.250857250369373286e-01,-4.293167570563404672e-02,-8.190774361638224199e-02,2.534950417976203005e-02,-1.030008744374637936e-01,-7.055914776877839079e-02,1.000000000000000000e+00,-7.707568704767933654e-02,8.170412166120462338e-02,1.366420556929088814e-01,-8.033711070831951739e-02,-1.989496453595446246e-01,2.595068135833609180e-01,2.064071190566311720e-01,2.399234859071323334e-01,1.912992152897787235e-01,2.222777170859662199e-01,6.248285335281861946e-02,2.148312612663804688e-01,2.350819083745059324e-01,4.934496451193402522e-01,3.218994620988120392e-01,3.081934887890900310e-01,3.134398595029215806e-01,3.847744356338222982e-01,2.015111898460051898e-01,2.755908560386789372e-02,4.241698167351604654e-01,2.910842821486123722e-01,3.983354621418742081e-01,-6.985333963828468939e-02,1.181537987470867579e-01
1.115170527858809491e-01,1.489049239710454886e-01,9.923297778805220681e-02,1.139308755540895113e-01,2.558417787756138706e-01,1.885168594896327321e-01,1.647591277026111689e-01,7.129553511603371752e-02,7.734508574035586781e-02,6.025028721899694517e-01,4.954913443311527721e-01,6.226000784568960222e-01,5.423052520786771913e-01,-7.707568704767933654e-02,1.000000000000000000e+00,7.628300785087449576e-01,6.541226845741631157e-01,-1.119270330816517500e-01,1.574750964584163138e-01,9.419621318357430245e-03,5.484175021950243867e-02,1.447031335267456031e-01,4.713277855492246093e-01,-1.447850722901066756e-01,2.649993756395762623e-01,4.492603686777502103e-02,3.916382153117520942e-02,2.032983730535062594e-01,3.339308126471487448e-01,2.979098817235010244e-01,-5.070688935322846536e-02,-2.644097494010678659e-02,3.148615108000776819e-01,2.661544105973609464e-01,3.662115306127151221e-02,1.203984307125083308e-01,-8.383411664347797942e-02,1.083237147383301208e-01,-6.819613049214115486e-02
1.763214367712193920e-01,1.723906217145577124e-01,1.176142111166690596e-02,3.645909414061399567e-01,4.513066187887365688e-01,3.721768060984609328e-01,3.171425415107576584e-01,9.914062362812404994e-02,3.159751696504244783e-02,5.474627528426045942e-01,4.493751587100399125e-01,4.166338763173413340e-01,4.687094512781710964e-01,8.170412166120462338e-02,7.628300785087449576e-01,1.000000000000000000e+00,5.866729391457191634e-01,1.427922746322738724e-02,1.738560753579951601e-01,4.591912064254665554e-02,8.922937767113121865e-02,1.610427106753373749e-01,5.853800916498302920e-01,-1.139445909336340018e-01,1.768738301420399728e-01,-5.607390497574486765e-02,1.277268810026502797e-02,3.842811095959828283e-01,4.269150809083618325e-01,4.326560815334937193e-01,-6.128239967461901472e-02,5.594413983677237745e-02,3.642015926732516395e-01,3.062619648854671972e-01,1.481329281965394068e-02,1.306651027189197345e-01,-1.688917679968467978e-01,-4.828782667924504807e-02,-1.554711208414971957e-01
9.200744676584510923e-03,8.128531498996951002e-03,-1.328514150589362071e-02,-8.379096713330212720e-02,6.826438025351312666e-02,1.535111448677363710e-01,4.176870592125014880e-02,1.254601796101307565e-01,6.240901868996415712e-03,5.021678769844405421e-01,5.766834008209464901e-01,4.368496739511531501e-01,4.842188404871098362e-01,1.366420556929088814e-01,6.541226845741631157e-01,5.866729391457191634e-01,1.000000000000000000e+00,-4.233844816660638916e-03,1.189907871983098137e-01,4.188574334911070174e-02,9.193016377917523352e-02,1.329687590329342306e-01,3.524175490815059097e-01,-2.795509682186356204e-02,1.466321169748561470e-01,2.680617563437296194e-02,-1.332503999023029739e-02,1.113908723681304863e-01,3.520238193752426858e-01,2.986165152100170306e-01,-7.762580167424621737e-03,8.970190512767177438e-02,2.670540833700030814e-01,6.043640472008224296e-02,1.002503739166632490e-01,1.424856032536545858e-01,-5.462514153559454126e-03,6.835006602943928533e-02,-5.964996235343346560e-03
4.805980910268060208e-02,1.080528436418140836e-01,-3.312364531442361926e-02,2.933347230906459095e-03,-7.033717829745664198e-04,-2.549339507408243666e-01,-3.365762312341739199e-02,7.669868194440070119e-02,-1.508183364323112674e-01,-3.068836373382463623e-02,-1.142110273737589055e-01,-1.654643506507997852e-01,-2.407531052129148197e-01,-8.033711070831951739e-02,-1.119270330816517500e-01,1.427922746322738724e-02,-4.233844816660638916e-03,1.000000000000000000e+00,6.372155595435620157e-01,2.445390280378256509e-01,2.848306606431274535e-01,1.539516191159726599e-01,-9.431127401472880201e-02,-2.893788383921810925e-01,-1.267125128838164916e-01,3.267336560188675854e-02,2.985358831494430015e-02,-1.804238250387905571e-02,1.617617612026804874e-01,-1.029440531840522359e-02,-1.042533981639427731e-01,-2.902818047219954747e-02,8.135617735582628685e-02,2.219868222417803183e-01,-2.494156823726058347e-02,2.420287683847364424e-01,-7.803428020283409428e-02,-1.876653512508863197e-01,5.146172155660339032e-02
1.147029226640513544e-01,2.692856246950098287e-01,-2.398354796065537212e-02,9.229475428768511847e-02,1.534072695795685171e-01,-1.431517320388399628e-01,1.078750530087278087e-01,8.288503027073974849e-02,3.853065035701754189e-03,2.540524306663620724e-01,1.732761746077891574e-01,8.666454910385699983e-02,-1.393816110680405271e-02,-1.989496453595446246e-01,1.574750964584163138e-01,1.738560753579951601e-01,1.189907871983098137e-01,6.372155595435620157e-01,1.000000000000000000e+00,3.557570966388314271e-01,2.736544358578826830e-01,3.036290562968015361e-01,-9.413456455146647361e-02,-4.030241834560206460e-01,-3.824543618010713131e-02,9.297214194681083232e-02,8.961511116464423998e-02,3.928849556969030155e-02,2.063103322953692975e-01,9.329638804757775516e-02,-6.965114585471528230e-02,-3.597226840114415430e-02,3.294404871666956058e-01,3.606598071680145456e-01,-1.787742358164208789e-01,2.193410378448213405e-01,-1.637870899884160403e-01,7.695977096371638126e-02,1.421917487749851661e-01
2.034880375876967906e-01,2.503319422576372189e-01,-2.151613641143945710e-01,2.071345611532330599e-01,1.263685823575124156e-01,2.090827877633791854e-01,3.103531576274716763e-01,6.033853054298424778e-01,1.911490863631463630e-02,4.398705611015163441e-02,7.341007327868326326e-02,-4.084903613574403236e-02,-1.376024692566588103e-01,2.595068135833609180e-01,9.419621318357430245e-03,4.591912064254665554e-02,4.188574334911070174e-02,2.445390280378256509e-01,3.557570966388314271e-01,1.000000000000000000e+00,5.779083694973503604e-01,8.208036090839290200e-01,-1.459831949621146763e-01,-3.079837595997362287e-01,-1.570604399497692316e-01,2.407083183631861800e-01,1.360016980868607173e-01,4.084092728709786679e-01,3.021015253622250651e-01,3.636043671512070863e-01,4.489664674827149593e-01,4.878486656435521707e-01,4.057400106565641762e-01,4.551279591075003128e-01,1.444612185698614659e-01,3.032269158042168455e-01,2.558935590547732897e-01,1.094278126566955028e-01,1.899713270732950321e-01
2.832175583764403037e-01,2.234417957784776143e-01,-6.756664009693772593e-03,1.018910666119601377e-01,2.085612666270431764e-02,1.390362521513591187e-02,1.298028491362262227e-01,5.600003130499398019e-01,-2.918188864968236304e-02,-3.442497767315722771e-03,-1.934762152620140771e-02,-4.631542282861883519e-02,-1.304889607796891060e-01,2.064071190566311720e-01,5.484175021950243867e-02,8.922937767113121865e-02,9.193016377917523352e-02,2.848306606431274535e-01,2.736544358578826830e-01,5.779083694973503604e-01,1.000000000000000000e+00,6.056921311955157927e-01,1.692026241503816544e-02,-1.293433569051427867e-01,1.282268118591072979e-03,6.141926575548245504e-02,5.023572047162177395e-02,2.160076959279022546e-01,1.320245058995046794e-01,1.378402072334732609e-01,8.348648768187470759e-02,2.039918317850420715e-01,2.495200303170225786e-01,3.093198992161111938e-01,1.041353291426014432e-01,2.960126243384142986e-01,1.170285008927108988e-01,-9.569043495444015668e-02,1.943487160256262072e-02
2.639440615235551513e-01,2.928286456251886216e-01,-1.943640484042963301e-01,2.819425358923909886e-01,1.928300536063148607e-01,2.745096223073932862e-01,3.691656064337487941e-01,6.680349979848870801e-01,6.944236857254659778e-02,1.032375964908299332e-01,1.294491720015029934e-01,2.812007923300433986e-03,-6.323676036732098216e-02,2.399234859071323334e-01,1.447031335267456031e-01,1.610427106753373749e-01,1.329687590329342306e-01,1.539516191159726599e-01,3.036290562968015361e-01,8.208036090839290200e-01,6.056921311955157927e-01,1.000000000000000000e+00,-2.583449913065552495e-02,-2.889429731176489935e-01,-6.655142245986694904e-02,2.032031453731180937e-01,1.289716891622696981e-01,3.793387207821748430e-01,2.685154284425339544e-01,3.664211189321968654e-01,4.121382979877161179e-01,4.258580357088953550e-01,3.886200363926050616e-01,5.031087703792173071e-01,7.522129703520190336e-02,2.496181915529848694e-01,1.693272285914597663e-01,1.294684849367902790e-01,1.572226929113074434e-01
-1.219480825941879169e-02,1.766747950306379183e-02,1.009302102512954630e-01,1.650101792763661035e-01,3.101941008462380522e-01,4.225878497289025093e-01,9.130667178463582057e-02,-8.794850459366728573e-03,2.481945412579738067e-02,2.093654978591602822e-01,2.011654673750180033e-01,1.627476521023959732e-01,2.317693441766778828e-01,1.912992152897787235e-01,4.713277855492246093e-01,5.853800916498302920e-01,3.524175490815059097e-01,-9.431127401472880201e-02,-9.413456455146647361e-02,-1.459831949621146763e-01,1.692026241503816544e-02,-2.583449913065552495e-02,1.000000000000000000e+00,3.613157049828627509e-01,4.255916451437625203e-01,-9.337675272541780258e-02,3.335317228707212339e-02,3.009025686564512636e-01,2.899932251670728212e-01,2.408911817634779851e-01,-1.189196551554663056e-01,5.763115621666282766e-03,2.860616886067354203e-01,7.519608101387231791e-02,2.341870564175625724e-01,5.456310600240956571e-02,-2.919571034771402049e-02,-5.362788105589683108e-02,-5.704824349129383743e-02
-1.850093568826410573e-01,-2.306753448648431459e-01,1.748722644937403606e-02,-1.467627098343460001e-01,-2.641699274407114870e-02,2.286280345728611274e-01,-2.138136545847584558e-01,-1.607126255953148508e-01,-7.743082905747455946e-02,-9.006029068104241808e-02,4.533225325371303266e-02,-2.885788085068520525e-02,3.864528228525035414e-02,2.222777170859662199e-01,-1.447850722901066756e-01,-1.139445909336340018e-01,-2.795509682186356204e-02,-2.893788383921810925e-01,-4.030241834560206460e-01,-3.079837595997362287e-01,-1.293433569051427867e-01,-2.889429731176489935e-01,3.613157049828627509e-01,1.000000000000000000e+00,3.035821151450383004e-01,-3.741024628462376322e-02,7.495999404865326399e-02,-1.088538204101405782e-01,-1.662088489426493398e-01,-1.426553076513723262e-01,-1.719617740607043699e-01,-1.327441203084327448e-01,-8.199395328446107412e-02,-3.328117034894417237e-01,1.776292243112215230e-01,-2.691477093005447130e-01,1.501554164532224733e-01,4.623003788831205052e-02,7.891120952289884527e-02
-1.234765398302014455e-01,-2.190974701549807361e-05,1.710957668984535995e-01,-2.702908251967149900e-01,-4.049249813611565524e-02,-7.843732559453557573e-02,-3.477804449110437346e-02,-3.997150772124789114e-02,6.566618357263070971e-02,4.540646751038929230e-01,2.690779454063265685e-01,5.002345240782904989e-01,2.706712069530972098e-01,6.248285335281861946e-02,2.649993756395762623e-01,1.768738301420399728e-01,1.466321169748561470e-01,-1.267125128838164916e-01,-3.824543618010713131e-02,-1.570604399497692316e-01,1.282268118591072979e-03,-6.655142245986694904e-02,4.255916451437625203e-01,3.035821151450383004e-01,1.000000000000000000e+00,2.185121302431099199e-02,8.095882817893521044e-02,-5.538695675246434191e-02,-1.597771353887171009e-01,-6.263800659925938819e-02,-3.539963905693607055e-02,-1.077635987972312553e-01,2.053037051378104050e-01,2.256231806771506199e-01,1.745515735826490000e-01,9.655826476286365201e-02,2.633838941364564645e-01,1.090842913603760067e-01,2.068253473397272113e-01
2.324817945249758044e-01,4.574850520220576922e-01,-6.993938476847660901e-02,-1.155536136351670018e-01,-1.680425013843029891e-01,-5.970385688225838226e-03,-1.696305016008892719e-01,1.073665689497921433e-01,4.517695503729514672e-01,-1.624874791509056324e-02,5.324607461669991597e-03,9.991513416233899214e-02,-1.172392486694621705e-01,2.148312612663804688e-01,4.492603686777502103e-02,-5.607390497574486765e-02,2.680617563437296194e-02,3.267336560188675854e-02,9.297214194681083232e-02,2.407083183631861800e-01,6.141926575548245504e-02,2.032031453731180937e-01,-9.337675272541780258e-02,-3.741024628462376322e-02,2.185121302431099199e-02,1.000000000000000000e+00,7.689538613005485468e-01,1.789253601847659580e-01,2.211766358377688091e-01,1.290561021205632874e-01,2.310982600819254384e-01,1.647849810991077191e-01,2.948898413429920651e-01,4.243675690509061266e-02,3.067761709097760470e-01,3.039765726815354396e-01,3.661264834930026413e-01,4.597985729227986873e-01,4.305488738503914226e-01
2.555484454400944738e-01,4.461542523256455395e-01,-1.261780744213938377e-01,-2.222097850759787840e-03,-7.241108373194954373e-02,4.480904708904599743e-02,-1.582143383887516519e-01,8.172230262965063385e-02,4.513895137596445895e-01,-9.207646149372309546e-03,6.709848335898098426e-03,8.630610359315221691e-02,-6.002425998533632290e-02,2.350819083745059324e-01,3.916382153117520942e-02,1.277268810026502797e-02,-1.332503999023029739e-02,2.985358831494430015e-02,8.961511116464423998e-02,1.360016980868607173e-01,5.023572047162177395e-02,1.289716891622696981e-01,3.335317228707212339e-02,7.495999404865326399e-02,8.095882817893521044e-02,7.689538613005485468e-01,1.000000000000000000e+00,1.775415364332763035e-01,1.945244777628805932e-01,6.606614687222393811e-02,4.521609286968755054e-02,3.692430320870854210e-02,2.855391186296354356e-01,-2.374875337435441991e-02,2.309844078810133483e-01,2.458401999790987280e-01,2.410863408830263843e-01,3.811063638416116173e-01,4.361911298324138153e-01
1.772800824679216791e-01,1.683336489953269066e-01,2.115871370992914932e-02,3.747812248818796488e-01,2.745538268670901227e-01,4.539218812034410133e-01,3.653361929881435710e-01,2.158702419657746452e-01,1.771791001575207664e-02,5.136755271435701486e-02,2.374566448211259256e-02,3.990537292416245461e-03,2.569563863398900000e-02,4.934496451193402522e-01,2.032983730535062594e-01,3.842811095959828283e-01,1.113908723681304863e-01,-1.804238250387905571e-02,3.928849556969030155e-02,4.084092728709786679e-01,2.160076959279022546e-01,3.793387207821748430e-01,3.009025686564512636e-01,-1.088538204101405782e-01,-5.538695675246434191e-02,1.789253601847659580e-01,1.775415364332763035e-01,1.000000000000000000e+00,6.241284040937860045e-01,5.357189372962041229e-01,4.243787141200295876e-01,4.886905438254341982e-01,4.076890350624515214e-01,3.076220084829160983e-01,3.484843810414423038e-01,2.879491887372417902e-01,2.000841619270348759e-01,-1.149003822421341692e-01,-8.372932121029792729e-02
1.521193437228113288e-01,1.647349143274440819e-01,-5.170912976604106343e-02,1.753445614223030913e-01,8.701812698065310159e-02,3.019118173585349507e-01,1.107674203647713573e-01,1.945286545303495096e-01,1.118657424918207827e-01,4.351066492040547851e-02,3.127746842690418833e-02,2.554177184357275896e-03,3.446033733191845600e-03,3.218994620988120392e-01,3.339308126471487448e-01,4.269150809083618325e-01,3.520238193752426858e-01,1.617617612026804874e-01,2.063103322953692975e-01,3.021015253622250651e-01,1.320245058995046794e-01,2.685154284425339544e-01,2.899932251670728212e-01,-1.662088489426493398e-01,-1.597771353887171009e-01,2.211766358377688091e-01,1.945244777628805932e-01,6.241284040937860045e-01,1.000000000000000000e+00,4.906894527142325324e-01,2.758437595390832997e-01,3.872972447671963470e-01,3.919774119985166005e-01,2.104752225732854920e-01,4.289432228003970948e-01,3.768191555579909480e-01,1.920990693994157061e-01,-8.173157409175259291e-02,-3.107923836758468353e-02
-1.232659902942923914e-02,1.250557638452746145e-01,-5.778630777243601996e-02,2.032279641330234921e-01,2.641856168896914436e-01,5.112708426991950939e-01,2.976496732739047912e-01,2.085198860115976827e-01,1.688741234832213597e-02,2.069595344581197649e-01,2.265485723921944472e-01,9.119013609678550125e-02,7.173051099187484347e-02,3.081934887890900310e-01,2.979098817235010244e-01,4.326560815334937193e-01,2.986165152100170306e-01,-1.029440531840522359e-02,9.329638804757775516e-02,3.636043671512070863e-01,1.378402072334732609e-01,3.664211189321968654e-01,2.408911817634779851e-01,-1.426553076513723262e-01,-6.263800659925938819e-02,1.290561021205632874e-01,6.606614687222393811e-02,5.357189372962041229e-01,4.906894527142325324e-01,1.000000000000000000e+00,5.099051878873624988e-01,5.986086145464976083e-01,4.525393879686950283e-01,3.498181880317208226e-01,2.875581463874586352e-01,2.749970340013374592e-01,2.705527431090464230e-01,4.429446434888507922e-02,2.972895311306530952e-02
-1.219137516085353756e-01,-3.304056701097715654e-02,3.848737145009492600e-02,1.515456240753551955e-04,2.211223281791654602e-02,3.183008319175705814e-01,3.140948087308852998e-01,2.013411304036424043e-01,5.813303509115454355e-03,-8.152177075795264197e-03,-8.549895612979316328e-02,-7.828878739031132350e-03,-1.550858162765820780e-01,3.134398595029215806e-01,-5.070688935322846536e-02,-6.128239967461901472e-02,-7.762580167424621737e-03,-1.042533981639427731e-01,-6.965114585471528230e-02,4.489664674827149593e-01,8.348648768187470759e-02,4.121382979877161179e-01,-1.189196551554663056e-01,-1.719617740607043699e-01,-3.539963905693607055e-02,2.310982600819254384e-01,4.521609286968755054e-02,4.243787141200295876e-01,2.758437595390832997e-01,5.099051878873624988e-01,1.000000000000000000e+00,7.361253898729002154e-01,2.605089311064925917e-01,3.369817519109096216e-01,3.674579645390108618e-01,2.672696915135187590e-01,5.362140139683020390e-01,1.349889705749980073e-01,1.229355304981267077e-01
-1.008343623835461500e-01,-4.492693872519804704e-02,-4.273983445094813038e-02,7.078705856577739708e-02,1.022403229909279315e-01,4.043040311378660601e-01,3.358500594920106885e-01,2.828462898738646203e-01,-4.065080876404072313e-02,-3.026209570774164928e-02,-2.746006460890758338e-02,-5.200359477079994491e-02,-7.987681500052383476e-02,3.847744356338222982e-01,-2.644097494010678659e-02,5.594413983677237745e-02,8.970190512767177438e-02,-2.902818047219954747e-02,-3.597226840114415430e-02,4.878486656435521707e-01,2.039918317850420715e-01,4.258580357088953550e-01,5.763115621666282766e-03,-1.327441203084327448e-01,-1.077635987972312553e-01,1.647849810991077191e-01,3.692430320870854210e-02,4.886905438254341982e-01,3.872972447671963470e-01,5.986086145464976083e-01,7.361253898729002154e-01,1.000000000000000000e+00,2.908718958946020505e-01,3.505232049155015406e-01,4.226942733504230332e-01,3.299719120446102383e-01,5.111407459018880717e-01,3.811266188964887447e-02,1.017491382027171376e-01
1.435330527106656595e-01,2.991996479922466867e-01,-1.589772255708751802e-01,8.892757102388101909e-02,1.516513544090742904e-01,2.600856855402249868e-01,1.057000693919136480e-01,2.872163006430409893e-01,3.155989190514044140e-01,2.739802739667026588e-01,2.083150357731735902e-01,2.085127838181498050e-01,3.994491207095127866e-02,2.015111898460051898e-01,3.148615108000776819e-01,3.642015926732516395e-01,2.670540833700030814e-01,8.135617735582628685e-02,3.294404871666956058e-01,4.057400106565641762e-01,2.495200303170225786e-01,3.886200363926050616e-01,2.860616886067354203e-01,-8.199395328446107412e-02,2.053037051378104050e-01,2.948898413429920651e-01,2.855391186296354356e-01,4.076890350624515214e-01,3.919774119985166005e-01,4.525393879686950283e-01,2.605089311064925917e-01,2.908718958946020505e-01,1.000000000000000000e+00,3.993811783121423153e-01,2.796891981389823534e-01,3.799910564231684940e-01,2.285455924243832704e-01,3.787013614087218483e-01,3.782929516962166283e-01
2.914225041892703691e-02,7.733909305849313853e-02,9.655612592899010319e-03,2.270079224163112364e-01,2.919396737665231889e-01,1.093545443407527712e-01,4.447726160899509451e-01,3.494871271555669567e-01,-1.158566755881620079e-02,3.067434842507850146e-01,2.932665176137081928e-02,2.278410211928083851e-01,7.961818935596683133e-02,2.755908560386789372e-02,2.661544105973609464e-01,3.062619648854671972e-01,6.043640472008224296e-02,2.219868222417803183e-01,3.606598071680145456e-01,4.551279591075003128e-01,3.093198992161111938e-01,5.031087703792173071e-01,7.519608101387231791e-02,-3.328117034894417237e-01,2.256231806771506199e-01,4.243675690509061266e-02,-2.374875337435441991e-02,3.076220084829160983e-01,2.104752225732854920e-01,3.498181880317208226e-01,3.369817519109096216e-01,3.505232049155015406e-01,3.993811783121423153e-01,1.000000000000000000e+00,1.318168601311288102e-01,3.068634024013766615e-01,1.898948389713988050e-01,7.633096462597088738e-02,1.224971959799680821e-01
-1.100453834733265274e-01,-4.010473335125327998e-02,-2.211097305339278923e-02,-3.420566290057845960e-01,-2.891934124638790848e-01,1.909203240647722177e-02,-2.282914944435230908e-01,1.723087997353225931e-01,6.887155332833194699e-02,-1.645611259609107702e-01,-2.235490367615683982e-01,-5.109157118713757162e-03,-2.448843251652059461e-01,4.241698167351604654e-01,3.662115306127151221e-02,1.481329281965394068e-02,1.002503739166632490e-01,-2.494156823726058347e-02,-1.787742358164208789e-01,1.444612185698614659e-01,1.041353291426014432e-01,7.522129703520190336e-02,2.341870564175625724e-01,1.776292243112215230e-01,1.745515735826490000e-01,3.067761709097760470e-01,2.309844078810133483e-01,3.484843810414423038e-01,4.289432228003970948e-01,2.875581463874586352e-01,3.674579645390108618e-01,4.226942733504230332e-01,2.796891981389823534e-01,1.318168601311288102e-01,1.000000000000000000e+00,5.799995290957392635e-01,6.988929582803469209e-01,8.746973887174218365e-02,2.515478695397655451e-01
1.246190798757732116e-01,2.182033141463146364e-01,-6.107421434869152871e-02,-2.595262642584075796e-01,-2.287356832207675661e-01,-1.533918586432747033e-01,-1.176588421531905987e-01,3.037573323329550989e-01,1.951632166096870513e-01,-8.422049231320311025e-03,-1.587782139941619763e-01,2.253929130009212425e-02,-2.347735069173420286e-01,2.910842821486123722e-01,1.203984307125083308e-01,1.306651027189197345e-01,1.424856032536545858e-01,2.420287683847364424e-01,2.193410378448213405e-01,3.032269158042168455e-01,2.960126243384142986e-01,2.496181915529848694e-01,5.456310600240956571e-02,-2.691477093005447130e-01,9.655826476286365201e-02,3.039765726815354396e-01,2.458401999790987280e-01,2.879491887372417902e-01,3.768191555579909480e-01,2.749970340013374592e-01,2.672696915135187590e-01,3.299719120446102383e-01,3.799910564231684940e-01,3.068634024013766615e-01,5.799995290957392635e-01,1.000000000000000000e+00,4.515076627911576712e-01,1.110528621686848877e-01,2.739820014724650421e-01
-1.800398018087679963e-01,-4.805749072232524260e-02,-1.750213798134325413e-02,-4.251686576384815508e-01,-3.825255385497780547e-01,-5.074094559460507609e-02,-2.043759658010390612e-01,1.454311673731830679e-01,2.983535094700610554e-02,-3.453948681756686262e-02,-1.144754958673063622e-01,1.647701989406269996e-01,-1.756862513100471701e-01,3.983354621418742081e-01,-8.383411664347797942e-02,-1.688917679968467978e-01,-5.462514153559454126e-03,-7.803428020283409428e-02,-1.637870899884160403e-01,2.558935590547732897e-01,1.170285008927108988e-01,1.693272285914597663e-01,-2.919571034771402049e-02,1.501554164532224733e-01,2.633838941364564645e-01,3.661264834930026413e-01,2.410863408830263843e-01,2.000841619270348759e-01,1.920990693994157061e-01,2.705527431090464230e-01,5.362140139683020390e-01,5.111407459018880717e-01,2.285455924243832704e-01,1.898948389713988050e-01,6.988929582803469209e-01,4.515076627911576712e-01,1.000000000000000000e+00,1.384187785915420299e-01,3.778160784982499409e-01
-5.873423276151482075e-02,2.297285262940398642e-01,-2.866583698497814359e-01,-1.522273327423231681e-01,2.003951042775719508e-03,8.729460633357313815e-02,-1.520369659526697170e-01,1.044555118063429655e-01,3.579338286022867299e-01,8.098599253020279110e-02,9.289421003279514644e-02,1.384988903217308776e-01,2.189204422697231534e-02,-6.985333963828468939e-02,1.083237147383301208e-01,-4.828782667924504807e-02,6.835006602943928533e-02,-1.876653512508863197e-01,7.695977096371638126e-02,1.094278126566955028e-01,-9.569043495444015668e-02,1.294684849367902790e-01,-5.362788105589683108e-02,4.623003788831205052e-02,1.090842913603760067e-01,4.597985729227986873e-01,3.811063638416116173e-01,-1.149003822421341692e-01,-8.173157409175259291e-02,4.429446434888507922e-02,1.349889705749980073e-01,3.811266188964887447e-02,3.787013614087218483e-01,7.633096462597088738e-02,8.746973887174218365e-02,1.110528621686848877e-01,1.384187785915420299e-01,1.000000000000000000e+00,6.632856128072440738e-01
-1.450615904872123718e-01,1.369224576292981388e-01,-2.818322280961874093e-01,-3.408599584278290129e-01,-2.304623750222389578e-01,-9.142686674229665023e-02,-3.293905431155778607e-01,1.170136606643346622e-01,2.034579939728196341e-01,2.009542355420075588e-02,4.069663356709340984e-02,1.207820278392416069e-01,-1.187376042277335370e-01,1.181537987470867579e-01,-6.819613049214115486e-02,-1.554711208414971957e-01,-5.964996235343346560e-03,5.146172155660339032e-02,1.421917487749851661e-01,1.899713270732950321e-01,1.943487160256262072e-02,1.572226929113074434e-01,-5.704824349129383743e-02,7.891120952289884527e-02,2.068253473397272113e-01,4.305488738503914226e-01,4.361911298324138153e-01,-8.372932121029792729e-02,-3.107923836758468353e-02,2.972895311306530952e-02,1.229355304981267077e-01,1.017491382027171376e-01,3.782929516962166283e-01,1.224971959799680821e-01,2.515478695397655451e-01,2.739820014724650421e-01,3.778160784982499409e-01,6.632856128072440738e-01,1.000000000000000000e+00
